3.5666666031
18.4545459747
3.1604938507
14.0
33.8125
12.0
4.2173914909
36.9000015259
2.9655172825
30.4117641449
3.1481480598
8.1111106873
12.7727270126
15.3023252487
13.6097564697
25.9090900421
4.0714287758
6.2631578445
3.172413826
9.7115383148
16.0689659119
14.8571424484
4.5833334923
4.7727274895
4.4000000954
4.7272725105
6.75
17.875
13.5416669846
21.6315784454
19.1000003815
8.6363639832
11.6875
5.3809523582
6.1666665077
3.7674417496
22.0588226318
23.125
31.6363639832
5.1666665077
6.5555553436
5.5
14.1052627563
3.8181817532
7.6666665077
5.8620691299
23.3636360168
8.3157892227
1.5714285374
18.0
7.1875
5.608695507
3.2631578445
4.9444446564
22.0
3.2941176891
7.8333334923
10.5
17.0
10.8000001907
25.764705658
30.5200004578
2.4166667461
8.0555553436
26.235294342
7.0999999046
8.279999733
9.0909090042
9.8666667938
81.3000030518
30.4545459747
10.9600000381
10.5294113159
12.3333330154
16.8695659637
5.7058825493
28.0666675568
12.0434780121
46.6923065186
15.4193544388
46.7272720337
10.3999996185
21.9230766296
27.6000003815
16.0
12.428571701
14.9230766296
22.4444446564
79.5833358765
18.2083339691
18.8571434021
44.5454559326
23.0
53.2000007629
51.5454559326
29.8571434021
16.2727279663
75.3846130371
56.3571434021
51.5
24.0555553436
20.0
30.3181819916
17.3333339691
23.071428299
36.6363639832
21.5
27.4615383148
19.3636360168
13.1333332062
22.5
20.2727279663
11.4545450211
7.3125
13.1764707565
5.9411764145
10.1999998093
9.3684206009
28.7000007629
