5.5789475441
29.5499992371
7.1388888359
8.6222219467
3.125
19.1538467407
4.758620739
37.5
21.0555553436
3.5957446098
4.3571429253
63.0999984741
6.2142858505
3.6458332539
6.9473686218
5.5714287758
2.7272727489
33.8666648865
40.1818199158
15.4499998093
5.4800000191
1.7419354916
8.6428575516
3.982758522
34.0666656494
2.8250000477
2.8421051502
14.7307691574
36.2000007629
2.6129031181
3.8214285374
3.3076922894
8.1904764175
16.8888893127
4.1666665077
7.1428570747
3.8333332539
4.7199997902
4.0370368958
3.2272727489
6.173913002
2.7999999523
4.764705658
2.758620739
14.8333330154
12.6153850555
19.0
9.4117650986
4.5294117928
15.571428299
5.2142858505
9.6923074722
10.6666669846
6.0
5.4375
3.9166667461
6.6363635063
8.8108110428
19.071428299
21.2000007629
37.6666679382
7.3333334923
17.8421058655
26.0
23.3999996185
28.3333339691
8.2083330154
68.8461532593
13.2631578445
15.2777776718
7.8947367668
27.1428565979
18.5
14.3076925278
89.4000015259
12.344827652
34.1818199158
7.0833334923
3.8181817532
41.75
5.4102563858
45.9000015259
23.6666660309
9.6363639832
64.4166641235
10.3333330154
12.1875
12.153845787
17.3571434021
7.0714287758
14.3846149445
8.7142858505
47.3333320618
12.4545450211
37.5
52.4000015259
22.2105255127
28.9230766296
31.7142848969
26.6800003052
32.3333320618
40.3125
73.1999969482
68.5999984741
34.2631568909
47.0
33.5454559326
27.6363639832
12.875
26.2999992371
14.2307691574
38.6363639832
18.5333328247
17.0799999237
10.0666666031
