5.3888888359
4.6774191856
5.9400000572
14.8620691299
5.8000001907
3.7333333492
23.7999992371
26.4799995422
2.5333333015
4.517241478
21.3888893127
4.6666665077
2.125
42.8461532593
3.6538462639
2.8181817532
8.3157892227
2.5
3.75
5.6333332062
5.5833334923
2.9154930115
2.827586174
3.5116279125
2.71875
5.7142858505
7.8800001144
57.5333328247
4.6153845787
27.0
4.6500000954
4.2222223282
12.2727270126
6.4090909958
23.9444446564
7.4000000954
20.5
4.4285712242
4.5925927162
2.7241380215
2.1538462639
6.2692308426
3.1794872284
29.75
25.7000007629
4.4000000954
4.0625
3.8857142925
6.1923074722
4.4482760429
20.0
9.0
24.4545459747
3.0799999237
6.0769228935
4.2800002098
5.8571429253
1.5714285374
4.9230771065
5.4166665077
5.2777776718
5.347826004
4.2916665077
16.1578941345
9.7692308426
3.6428570747
3.1538462639
3.8947367668
2.7857143879
4.0
4.25
6.0
4.1999998093
10.7272729874
10.2173910141
14.5454549789
28.3333339691
8.1764707565
16.0666675568
49.8333320618
14.4705886841
6.4545454979
9.7272729874
17.6923084259
12.3333330154
11.8999996185
47.0833320618
32.0714302063
9.8999996185
59.25
28.9230766296
55.5999984741
65.5
41.7999992371
12.8333330154
26.8999996185
22.6000003815
13.3636360168
14.0909090042
12.8571424484
24.7000007629
7.4166665077
