59.3636360168
8.571428299
7.4285712242
2.8399999142
20.5833339691
2.9500000477
29.6499996185
7.7368421555
68.1999969482
29.8095245361
10.3000001907
3.4000000954
3.5882353783
5.2258062363
4.6111111641
18.0277786255
7.2592592239
15.9499998093
27.5652179718
16.8275871277
2.1538462639
5.0
10.2105264664
16.1333332062
11.7058820724
12.5454549789
8.5882349014
27.6666660309
13.7777776718
2.4615385532
8.5
9.7272729874
8.9411764145
12.0
3.6666667461
5.6399998665
5.2903227806
14.6428575516
21.764705658
4.375
12.8571424484
3.8636362553
7.9499998093
18.4615383148
13.1666669846
3.0952382088
2.5416667461
5.9000000954
5.3333334923
4.0833334923
3.7916667461
4.1428570747
4.7777776718
13.6666669846
11.6363639832
2.5999999046
5.3636364937
2.8461537361
3.9166667461
7.3571429253
4.0999999046
5.7692308426
2.8333332539
3.4000000954
10.8333330154
9.428571701
10.6800003052
14.1999998093
34.2380943298
11.428571701
42.0588226318
12.2272729874
12.3846149445
23.1599998474
14.8421049118
34.0
14.0
15.2941179276
12.0
8.5333337784
21.7333335876
19.3636360168
7.9230771065
11.0
13.0625
16.625
13.4705886841
13.0625
11.1999998093
18.0625
71.4000015259
63.0
66.0
89.6999969482
25.0
29.9090900421
42.0
57.0769233704
16.9500007629
14.2857141495
33.3636360168
21.6470584869
19.1333332062
33.7777786255
15.0
29.0909099579
17.5
14.1875
42.7272720337
26.5833339691
21.1818180084
14.0833330154
11.071428299
10.2083330154
18.5333328247
