3.4920635223
3.4920635223
4.9047617912
4.1833333969
3.1111111641
3.1111111641
48.0
15.7333335876
9.375
43.2307701111
3.3666665554
22.6666660309
22.0
27.5833339691
2.9166667461
6.7894735336
16.102563858
16.102563858
12.4857139587
19.4375
19.4375
21.7272720337
21.7272720337
26.928571701
1.9666666985
3.5833332539
7.0833334923
8.5
47.5833320618
10.8666667938
4.1851849556
4.8400001526
4.5757575035
7.1578946114
3.1159420013
4.1428570747
14.8000001907
14.8000001907
23.3461532593
4.0
4.260869503
38.4545440674
38.4545440674
8.0740737915
32.0454559326
3.7446808815
14.5
13.6923074722
7.6999998093
11.8666667938
5.9545454979
1.7999999523
5.0555553436
5.7857141495
9.25
12.5789470673
4.7600002289
4.3636364937
8.5263156891
6.235294342
4.5599999428
5.6666665077
5.086956501
3.5
2.6666667461
29.1000003815
8.6666669846
6.9473686218
10.6000003815
3.8636362553
11.1666669846
3.5999999046
3.7333333492
4.1500000954
6.5333333015
6.4666666985
6.4444446564
1.5
4.9166665077
53.2999992371
17.3333339691
10.1363639832
47.7142868042
9.4545450211
9.4545450211
8.523809433
8.523809433
16.1764698029
10.5
10.5
12.8999996185
7.3636364937
7.3636364937
8.571428299
8.571428299
11.2727270126
5.5
5.5833334923
5.0
11.5384616852
27.4666671753
22.3333339691
28.5833339691
13.9090909958
57.4545440674
48.2142868042
31.1428565979
14.4799995422
14.4799995422
14.1818180084
20.6190471649
37.6666679382
23.6000003815
13.8571424484
24.1000003815
15.1999998093
7.7826085091
5.5625
5.5625
