9.653845787
7.5882353783
9.6111106873
9.4230766296
2.8235294819
20.7586212158
2.2258064747
7.952381134
3.2075471878
3.2400000095
2.7000000477
4.0
2.6666667461
3.6428570747
2.5483870506
6.7894735336
14.6000003815
25.1111106873
2.8181817532
3.7692308426
11.6153850555
5.608695507
20.4705886841
3.260869503
4.8000001907
2.3225805759
6.0
2.4285714626
8.571428299
14.1999998093
3.2826087475
7.0416665077
9.5263156891
19.2592601776
5.1999998093
6.2222223282
2.9692306519
5.7600002289
10.4545450211
4.8499999046
3.0588235855
3.8846154213
8.764705658
7.8461537361
6.5882353783
4.8235292435
2.6363637447
6.0555553436
3.875
4.9375
14.0
2.6666667461
4.9473686218
2.3333332539
2.7647058964
4.0
16.0
3.8499999046
2.8666665554
3.1500000954
8.3125
2.7619047165
4.1904764175
10.1999998093
4.2380952835
4.9375
11.1999998093
4.6999998093
4.3076925278
3.6153845787
7.7333331108
3.1428570747
5.5714287758
5.8888888359
2.9166667461
6.75
3.4285714626
3.0714285374
2.3571429253
6.391304493
4.7058825493
2.5
23.3461532593
11.3125
45.1428565979
3.5999999046
43.2727279663
6.3888888359
12.0
23.0625
4.7272725105
31.2631587982
7.1666665077
7.6999998093
2.5
6.0
40.0
22.3999996185
17.0
20.2999992371
40.7692298889
77.5833358765
