16.2222213745
6.7272725105
12.4888887405
30.1578941345
4.0999999046
6.260869503
7.4705882072
2.4186046124
11.1818180084
7.2380952835
6.5882353783
23.2666664124
12.7428569794
4.5636363029
11.1764707565
3.4166667461
16.8333339691
5.5
11.8000001907
15.1000003815
10.0799999237
10.5
11.8571424484
11.2558135986
3.6285715103
16.6666660309
21.4375
37.9375
7.235294342
6.8000001907
27.7058830261
26.8260860443
3.2962963581
3.8405797482
4.3962264061
22.2800006866
2.7096774578
5.4285712242
8.4444446564
42.3333320618
5.476190567
45.9000015259
2.3870968819
4.6750001907
18.2631587982
8.5
10.6000003815
4.4814815521
2.96875
5.53125
17.25
10.2962961197
25.7999992371
8.0526313782
5.6923074722
16.6000003815
15.6153850555
6.260869503
35.3636360168
26.0952377319
4.5294117928
3.652173996
3.8333332539
9.151515007
63.0999984741
7.09375
12.8000001907
2.1818182468
14.0
13.870967865
17.821428299
9.5555553436
3.444444418
10.5789470673
6.0769228935
17.1333332062
7.9090909958
16.9130439758
5.0909090042
6.9090909958
10.0666666031
3.3611111641
5.8409090042
29.3076915741
21.5769233704
22.0909099579
9.8947372437
6.9166665077
7.0588235855
10.2749996185
5.6666665077
3.8510637283
7.7199997902
14.2272729874
7.6500000954
8.9090909958
3.8958332539
4.735294342
4.9024391174
4.25
5.9200000763
25.5454540253
7.6363635063
6.9230771065
14.75
35.2777786255
23.5833339691
5.7272725105
4.9565215111
33.6666679382
40.7857131958
4.1818180084
57.0
5.7777776718
4.0392155647
5.6428570747
9.1999998093
4.6428570747
5.1333332062
14.0
6.9473686218
7.1320753098
17.875
29.2857151031
1.9523808956
6.6153845787
4.5454545021
12.8947372437
22.8666667938
6.4545454979
13.5
30.8421058655
4.7727274895
34.2000007629
3.9166667461
11.3157892227
4.8461537361
5.1538462639
19.9333324432
5.7142858505
5.3000001907
5.5925927162
14.5
15.9411764145
3.0909090042
4.344827652
3.5192308426
13.7333335876
5.1186442375
9.5
4.0909090042
8.8775510788
4.0
13.846154213
12.7826089859
8.0833330154
16.735294342
15.6666669846
15.4615383148
6.4000000954
11.0909090042
11.8421049118
4.4146342278
5.8461537361
13.0
5.3157896996
6.5
6.5909090042
16.5384616852
13.0909090042
12.0869569778
52.4545440674
24.3333339691
2.3571429253
10.0
15.0882349014
3.7884614468
16.0
4.0
3.5909090042
21.764705658
3.5499999523
6.117647171
67.6999969482
7.5333333015
6.5
11.5833330154
4.5
7.324324131
27.5
8.6086959839
19.1818180084
4.4749999046
8.846154213
9.7096776962
4.7857141495
3.8064515591
4.7142858505
24.5384616852
6.6470589638
3.3220338821
2.7999999523
6.9166665077
21.1000003815
26.9230766296
34.25
4.1818180084
20.655172348
5.0500001907
11.347826004
6.25
9.5
5.9756097794
6.760869503
7.0
7.7058825493
14.4848480225
31.0
6.0
5.9384613037
17.0499992371
19.5454540253
6.1785712242
8.3809528351
20.0555553436
15.1333332062
4.9210524559
2.34375
4.4186048508
16.3793106079
5.8695650101
11.3999996185
28.9090900421
2.0952382088
3.3043477535
57.1818199158
20.3636360168
14.2105264664
7.3090910912
31.0526313782
34.3333320618
14.5161294937
3.5416667461
4.2380952835
15.1428575516
6.1395349503
8.1621618271
15.5882349014
3.0227272511
2.7142856121
3.4117646217
10.6190471649
20.3666667938
4.673913002
11.1999998093
15.1000003815
5.8387098312
6.6666665077
32.5384597778
6.4259257317
4.2903227806
2.9333333969
48.6363639832
1.8333333731
18.0
3.347826004
16.0909099579
10.3249998093
18.1333332062
18.9090900421
3.8235294819
3.5
17.9130439758
6.6923074722
13.0666666031
3.555555582
52.5
9.0204086304
7.6190476418
6.2666668892
12.344827652
4.6346154213
28.9166660309
12.7346935272
6.3170733452
27.1000003815
16.1666660309
2.8333332539
5.0
8.476190567
4.3333334923
3.4878048897
5.0
23.2727279663
20.3636360168
6.0909090042
4.2800002098
5.6363635063
5.4545454979
5.2916665077
3.0416667461
6.7368421555
8.5
5.8181819916
4.2727274895
5.25
37.5833320618
4.2631578445
5.8571429253
3.7826087475
6.6666665077
10.4615383148
5.0526313782
4.5714287758
23.5384616852
3.6923077106
3.6842105389
4.0625
6.9375
7.4166665077
3.7222223282
3.8461537361
27.625
9.0909090042
41.7999992371
7.1351351738
46.5999984741
3.7692308426
6.2682929039
18.7826080322
4.625
3.4666666985
6.7692308426
5.0
3.4615385532
5.6666665077
4.0
3.8125
10.8999996185
3.3846154213
23.3636360168
10.7692308426
9.7333335876
8.3333330154
24.0
7.3076925278
4.25
2.0909090042
2.5999999046
1.894736886
4.0526313782
12.5555553436
3.5909090042
11.3142852783
2.536585331
6.2727274895
8.2857141495
7.1999998093
14.3999996185
4.5454545021
4.0
4.0769228935
7.4210524559
4.0714287758
3.8461537361
2.5
2.413043499
23.5454540253
4.0
30.4545459747
28.7272720337
2.413793087
5.3125
7.6666665077
6.3870968819
11.0769233704
2.3076922894
43.3636360168
4.1052632332
5.0714287758
8.0645160675
9.3999996185
8.1818180084
6.5625
5.1428570747
21.7272720337
51.7999992371
9.1034479141
3.0
33.7333335876
17.9230766296
12.8333330154
30.8571434021
7.1111111641
5.3333334923
6.8695650101
2.6129031181
9.2592592239
6.3809523582
5.0
10.6111106873
2.7999999523
11.4615383148
3.2142856121
13.8333330154
16.2941169739
5.9499998093
5.882352829
4.7692308426
3.0
9.4074077606
7.0434784889
7.8928570747
2.5
5.2727274895
4.4285712242
24.0
3.5199999809
11.8999996185
3.5517241955
9.0555553436
9.3333330154
5.4090909958
16.8571434021
3.3636362553
8.3666667938
6.0322580338
24.9333324432
11.1428575516
22.5
14.1578950882
26.8461532593
8.4545450211
2.625
5.6363635063
3.4642856121
4.5
22.4444446564
6.3809523582
13.4736843109
27.7999992371
6.0999999046
4.2142858505
17.0
4.3225808144
4.3181819916
7.0370368958
3.7619047165
25.1818180084
3.2352941036
6.7333331108
14.9473686218
4.0333333015
2.9333333969
2.2571427822
9.0
9.875
8.153845787
11.1999998093
6.5384616852
10.428571701
7.0526313782
11.8000001907
34.5999984741
3.3913042545
6.5999999046
7.5199999809
4.827586174
5.0967741013
3.5517241955
4.913043499
5.4545454979
3.2142856121
21.6666660309
2.4166667461
17.2307701111
4.3214287758
4.8695650101
41.0
12.1000003815
8.5
6.5
3.827586174
5.7619047165
14.235294342
4.8636364937
10.2727270126
2.6470587254
13.75
2.5333333015
3.8461537361
19.0
2.5454545021
4.0
4.5
6.0454545021
3.7272727489
14.5625
14.625
13.8125
4.6153845787
4.9333333969
6.0
5.5454545021
3.25
3.3157894611
17.1666660309
19.0
5.5454545021
4.25
22.6000003815
4.1111111641
5.2727274895
4.375
4.8000001907
11.2399997711
2.7931034565
6.2916665077
3.789473772
16.6000003815
2.1785714626
5.0
5.4545454979
6.5454545021
22.3571434021
10.2307691574
6.3333334923
7.478260994
27.2000007629
5.0555553436
8.25
4.5789475441
17.071428299
6.0952382088
10.2666664124
9.3999996185
4.5999999046
5.0555553436
3.5714285374
25.3571434021
16.3333339691
4.2758622169
2.9565217495
6.1923074722
6.6153845787
5.0
6.7333331108
8.4705886841
15.125
6.4210524559
7.6470589638
6.1999998093
6.952381134
4.8695650101
5.0399999619
7.1999998093
5.5555553436
1.413793087
5.0909090042
8.1666669846
17.0
3.3199999332
4.2142858505
6.7222223282
2.0999999046
5.1363635063
25.9090900421
17.4666671753
9.625
20.0
11.4615383148
3.3125
2.9411764145
5.2083334923
5.8000001907
6.1999998093
4.1818180084
3.5999999046
13.6666669846
8.1578950882
5.7083334923
7.3809523582
10.6666669846
15.0
3.0
2.1333334446
8.3529415131
5.235294342
9.125
14.6000003815
3.2000000477
19.9090900421
2.7826087475
6.6666665077
23.3333339691
8.2857141495
3.5333333015
7.1500000954
11.0666666031
20.2307701111
7.0999999046
5.047618866
19.4666671753
24.5454540253
5.3636364937
9.8947372437
4.0909090042
4.8181819916
11.2727270126
10.3333330154
5.0
4.2142858505
3.9333333969
3.5199999809
3.125
12.7368421555
7.764705658
5.6315789223
8.9444446564
4.6153845787
13.2142858505
2.75
8.0555553436
17.0
2.2727272511
10.8181819916
20.1666660309
1.913043499
22.3636360168
10.3333330154
15.9230766296
2.6800000668
2.8461537361
4.3333334923
3.565217495
3.3913042545
3.375
3.9230768681
5.0
2.8947367668
8.5
6.3529410362
4.0833334923
5.4000000954
6.0909090042
2.2000000477
4.0
4.0
12.8999996185
13.1999998093
4.6666665077
2.8461537361
3.2000000477
9.0909090042
2.9285714626
6.6153845787
6.4000000954
4.5999999046
4.6500000954
3.875
4.1875
7.0
12.5454549789
13.6999998093
6.2941174507
4.0909090042
6.0999999046
6.6153845787
9.6999998093
3.1500000954
13.3999996185
3.4117646217
4.2142858505
2.7333333492
4.0769228935
2.9000000954
3.7857143879
2.7692308426
4.8333334923
2.8125
4.1999998093
4.4444446564
11.8000001907
12.5454549789
6.5833334923
13.1000003815
5.7272725105
6.1999998093
3.6153845787
3.5
1.0769231319
3.0625
3.0
3.3636362553
8.0
3.9285714626
4.0909090042
3.0
10.0
5.8333334923
8.8999996185
7.4000000954
17.5
2.1818182468
2.4166667461
6.25
7.5
6.0999999046
2.6363637447
3.8181817532
1.538461566
2.3636362553
8.5
2.3333332539
3.8333332539
4.0999999046
6.7692308426
10.8333330154
10.8181819916
3.9000000954
9.1000003815
5.0
7.8181819916
4.0
4.0
8.5555553436
17.9583339691
8.2727270126
16.3684215546
14.6666669846
45.0999984741
9.4117650986
5.1818180084
18.1666660309
6.9333333969
19.7000007629
13.5
6.2666668892
15.4736843109
21.2727279663
20.2727279663
13.5454549789
25.2666664124
22.3333339691
51.9090919495
22.375
33.2727279663
24.0666675568
13.9130430222
10.7857141495
20.4375
18.6666660309
41.4000015259
22.882352829
14.0555553436
42.4166679382
8.2727270126
8.25
9.3846149445
18.3076915741
10.2173910141
44.6666679382
33.8571434021
24.3999996185
46.1818199158
7.6666665077
8.8857145309
32.5294113159
16.2068958282
50.1764717102
16.4705886841
35.9230766296
16.2727279663
20.4705886841
10.4333333969
45.4117660522
9.2272729874
18.0
14.4074077606
8.0857143402
8.6666669846
7.3076925278
32.4000015259
4.6666665077
10.1428575516
10.9499998093
10.7142858505
23.5
19.1333332062
12.0
9.1071424484
6.3000001907
6.241379261
9.1599998474
33.7142868042
12.5833330154
51.1176452637
24.8999996185
25.25
29.0
11.279999733
15.6153850555
29.7999992371
6.3636364937
18.071428299
20.0
13.7777776718
8.5
19.0526313782
19.6000003815
51.6363639832
7.5999999046
13.1363639832
9.7857141495
19.4782600403
11.2307691574
9.6153850555
6.6666665077
10.952381134
10.1000003815
19.6111106873
16.5263156891
15.8000001907
13.3000001907
9.6363639832
14.347826004
26.2000007629
37.5
2.5
31.6111106873
16.2727279663
16.2666664124
15.8666667938
6.1538462639
6.1818180084
13.5625
13.3000001907
72.2307662964
11.3846149445
10.7272729874
11.9090909958
20.0769233704
30.3333339691
4.2307691574
28.7000007629
31.8999996185
35.4000015259
3.7142856121
21.7692298889
10.8999996185
23.6428565979
17.3636360168
30.0769233704
10.1666669846
18.6666660309
24.6000003815
10.0769233704
12.6470584869
20.6153850555
6.7272725105
14.25
16.0833339691
19.125
7.8000001907
5.0833334923
12.75
81.6999969482
19.2727279663
19.8999996185
38.7999992371
8.0526313782
33.5999984741
39.5
40.0999984741
8.25
14.5
14.4545450211
12.117647171
9.4615383148
7.75
14.9090909958
14.8000001907
24.2307701111
11.0588235855
20.25
16.7000007629
17.0
11.7142858505
29.2000007629
19.3333339691
15.75
12.7692308426
24.7272720337
24.5
12.0666666031
28.7692298889
17.7999992371
19.3636360168
7.0833334923
13.8181819916
15.3000001907
18.0
9.1818180084
19.0
16.2000007629
12.2727270126
46.1818199158
20.7999992371
6.8125
13.1999998093
17.6000003815
14.25
15.3000001907
10.3333330154
16.7999992371
9.8999996185
10.9090909958
12.6999998093
6.4166665077
13.5833330154
27.6000003815
7.3000001907
16.7000007629
22.8999996185
27.6428565979
21.6000003815
31.9333324432
32.75
32.0909080505
62.0
66.3000030518
58.0999984741
46.4000015259
15.2105264664
21.2727279663
19.7272720337
48.3571434021
45.7272720337
24.2727279663
17.1304340363
21.0588226318
66.8181838989
26.8571434021
30.2999992371
40.3333320618
16.0833339691
73.0909118652
41.7272720337
29.5
56.2000007629
37.1428565979
23.6363639832
52.7999992371
55.7272720337
90.6999969482
48.0666656494
108.363639831
17.8928565979
63.6923065186
42.7272720337
11.6923074722
28.7999992371
47.3125
17.428571701
44.4166679382
62.5
34.1666679382
21.5263156891
16.5
33.6315803528
70.5
46.0714302063
28.3846149445
27.1333332062
43.7272720337
41.8333320618
19.1818180084
24.0
50.0909080505
22.6875
28.0
11.3636360168
22.7000007629
56.0999984741
37.2000007629
10.5
65.5
10.5200004578
43.5999984741
13.0909090042
16.2999992371
14.25
20.1538467407
63.9090919495
25.764705658
49.0
81.1538467407
63.3636360168
29.3333339691
19.0909099579
50.5
46.9000015259
21.428571701
23.0
35.2000007629
24.3333339691
28.928571701
16.9473686218
13.4375
19.2999992371
42.2999992371
11.3333330154
28.8461532593
17.3999996185
34.3636360168
35.2000007629
15.928571701
65.1818161011
15.428571701
9.3999996185
56.25
31.4545459747
53.3333320618
19.875
15.1999998093
20.928571701
8.4545450211
12.6153850555
19.1000003815
18.3636360168
17.0
14.5
13.8181819916
25.2999992371
14.0909090042
10.8181819916
15.3999996185
13.0833330154
22.7999992371
18.4545459747
20.8999996185
24.7999992371
10.8000001907
14.25
22.2000007629
11.75
21.3571434021
23.1000003815
16.0909099579
12.4615383148
36.0909080505
15.5
15.2727270126
11.0833330154
25.0
17.7000007629
16.1818180084
12.5833330154
22.2999992371
15.1000003815
16.7000007629
37.4545440674
26.3999996185
13.3000001907
17.5
16.5
15.1000003815
21.5
20.1000003815
21.2000007629
33.8181800842
14.2307691574
7.3076925278
6.8000001907
18.6000003815
12.153845787
14.6000003815
14.7272729874
13.7272729874
11.5454549789
9.3000001907
10.5
23.5333328247
18.2666664124
14.5294113159
4.8181819916
7.4166665077
11.2857141495
8.2307691574
13.428571701
15.4166669846
15.6666669846
21.3999996185
11.1875
18.4545459747
8.9333333969
17.1666660309
11.0
11.0
9.75
