29.1000003815
6.4250001907
9.102563858
12.153845787
3.913043499
2.5
5.6923074722
3.0625
17.6571426392
18.0
57.7000007629
21.2142848969
3.5
26.235294342
15.5769233704
11.0833330154
38.2000007629
2.8571429253
10.5333337784
11.0
15.3599996567
28.7272720337
28.7222213745
4.913043499
10.1632652283
5.9411764145
11.4347829819
3.4838709831
11.1428575516
6.4666666985
2.5499999523
3.125
5.0833334923
5.3000001907
4.2857141495
10.7272729874
10.7272729874
2.6923077106
17.9230766296
4.9166665077
5.7878789902
3.0769231319
1.5199999809
7.3636364937
2.75
3.3125
3.3809523582
14.3636360168
4.9090909958
19.3076915741
6.1428570747
4.5
44.6363639832
8.5
7.0
12.1428575516
14.3333330154
29.1538467407
7.1666665077
10.1000003815
28.5333328247
7.0
11.0
19.5
48.7692298889
10.1315793991
6.0909090042
10.6111106873
10.0
10.696969986
7.0434784889
12.1875
10.5652170181
20.764705658
27.2666664124
25.875
10.5
32.6923065186
27.9090900421
21.0833339691
4.9473686218
11.4166669846
5.5999999046
8.3076925278
46.3846168518
85.5999984741
30.2105255127
15.8333330154
73.1999969482
40.3600006104
34.875
52.4545440674
64.8181838989
52.5714302063
16.2727279663
16.1538467407
31.7333335876
45.1875
18.2666664124
21.5454540253
47.2727279663
9.2777776718
16.7692298889
9.0
18.6000003815
13.8999996185
11.571428299
30.071428299
29.5333328247
6.4375
