18.3846149445
4.7142858505
8.8947372437
4.6545453072
2.9230768681
22.6315784454
16.571428299
10.3999996185
8.0
3.4918031693
18.6666660309
3.8461537361
5.8636364937
14.7804880142
18.1212120056
3.289473772
34.444442749
35.5
4.4545454979
4.523809433
5.6666665077
32.9333343506
6.0769228935
28.25
3.5675675869
2.8499999046
20.1666660309
23.3999996185
18.0
2.086956501
5.0
29.3999996185
6.9565215111
6.0
3.7000000477
5.0
2.9230768681
12.6666669846
3.523809433
4.5
4.1764707565
3.2941176891
4.4117646217
4.4615383148
4.4285712242
3.5
8.2727270126
19.5625
6.8181819916
58.0
14.6666669846
3.0
16.2999992371
28.4166660309
7.0
41.6666679382
5.3846154213
21.2105255127
36.25
7.0909090042
72.8181838989
24.7272720337
22.6000003815
16.6153850555
12.75
15.8235292435
8.1499996185
23.9230766296
12.153845787
87.0999984741
46.7999992371
21.6000003815
28.5294113159
19.1818180084
35.2727279663
18.1875
27.75
35.7692298889
24.9090900421
32.5
92.3636398315
43.0
68.4545440674
60.0833320618
24.1904754639
27.6666660309
43.2000007629
35.5833320618
33.6363639832
10.1875
46.75
16.2999992371
17.9090900421
26.2000007629
16.4166660309
34.25
38.0
21.7333335876
7.25
15.5
