3.2857143879
9.5
10.0909090042
3.4363636971
2.1904761791
2.9500000477
7.5999999046
2.2272727489
3.0799999237
4.3653845787
30.5925922394
37.6875
3.5833332539
9.1999998093
2.4590163231
16.2857151031
10.571428299
12.2916669846
9.1904764175
16.0909099579
4.565217495
11.1750001907
4.3076925278
2.7999999523
2.3684210777
2.7096774578
20.6666660309
73.5
3.2000000477
3.0
31.6875
21.0769233704
9.3571424484
3.1749999523
2.4285714626
34.2727279663
7.260869503
33.7000007629
4.0769228935
20.0909099579
12.3125
18.3636360168
15.6666669846
5.3125
9.3076925278
2.2307691574
3.5
3.7272727489
6.75
18.7272720337
15.1000003815
12.7692308426
17.375
13.8999996185
20.0
17.2727279663
17.6363639832
10.5909090042
33.5499992371
3.6111111641
15.2058820724
9.9714288712
10.0
1.6000000238
1.8999999762
12.0
34.5
10.7142858505
10.0
19.0769233704
9.5
9.3333330154
21.5
26.8999996185
15.8999996185
6.3846154213
12.5454549789
58.7272720337
31.7999992371
16.7199993134
34.0999984741
23.7000007629
23.75
45.0
54.0909080505
45.4000015259
36.3846168518
30.3999996185
25.8181819916
26.2173919678
19.7272720337
72.0
22.235294342
43.2999992371
16.1333332062
28.2000007629
18.6000003815
62.9000015259
19.5454540253
17.5454540253
12.8999996185
15.3076925278
22.0
7.6500000954
10.9411764145
