3.5573771
3.4400000572
44.0
3.6388888359
6.2307691574
8.4571428299
13.0
52.4000015259
3.2727272511
39.9166679382
3.044444561
2.09375
11.8108110428
2.649122715
4.8409090042
1.555555582
2.7058823109
13.3333330154
2.9642856121
6.7857141495
5.1707315445
7.0952382088
8.5
8.3695650101
7.2631578445
7.8571429253
10.1111106873
3.5599999428
1.8928571939
6.1351351738
9.0
6.9069766998
3.758620739
2.896551609
17.3157901764
10.5789470673
2.944444418
11.8000001907
2.6764705181
5.2333331108
32.0999984741
10.2857141495
6.952381134
2.3529412746
7.6111111641
9.4666662216
4.896551609
16.3333339691
5.8181819916
8.2222223282
2.7241380215
8.8000001907
6.7222223282
18.7999992371
2.5999999046
2.9285714626
3.3181817532
3.0499999523
6.8000001907
2.0333333015
5.2173914909
2.260869503
2.1481480598
3.565217495
1.9090908766
5.7142858505
4.5999999046
3.6428570747
6.6666665077
4.3333334923
4.3529410362
1.8999999762
12.4545450211
5.6363635063
4.0555553436
2.0
6.1999998093
8.5833330154
8.8181819916
38.5714302063
11.6666669846
11.2380952835
10.172413826
23.3636360168
31.4545459747
43.0
15.5
7.5454545021
18.2857151031
11.7272729874
10.2727270126
6.6153845787
15.1999998093
8.3999996185
77.5
20.523809433
25.3125
40.0
15.3636360168
20.8999996185
34.7692298889
23.6842098236
24.8500003815
32.5999984741
25.5384616852
24.7692298889
31.9090900421
22.1666660309
12.75
39.3571434021
20.8999996185
18.5
29.2727279663
