2.2000000477
1.8181818724
4.2941174507
17.7804870605
37.3571434021
39.3636360168
22.6666660309
8.9166669846
44.4666671753
2.0606060028
3.5
14.2941179276
5.25
53.2999992371
22.7727279663
2.2857143879
4.6799998283
14.0526313782
3.6153845787
11.0
17.2258071899
12.1315793991
21.0
6.1538462639
3.5833332539
5.875
3.0714285374
5.0434784889
15.8235292435
4.9000000954
2.9166667461
4.3636364937
10.0689659119
3.0645160675
21.4242420197
4.3499999046
3.0588235855
7.8125
36.8499984741
33.055557251
4.3636364937
2.789473772
2.6111111641
4.0555553436
4.7600002289
6.4285712242
6.4666666985
3.739130497
44.625
2.5789473057
6.5999999046
4.0
8.5357141495
21.3529415131
5.4375
14.9047622681
10.7037038803
5.3636364937
22.1538467407
4.2777776718
3.7931034565
11.6000003815
12.1818180084
1.9473683834
3.7333333492
9.3636360168
24.4583339691
30.7222213745
6.735294342
11.0
19.9473686218
14.117647171
7.125
10.382352829
11.2727270126
5.3000001907
14.0
14.8999996185
11.5833330154
6.129032135
6.5833334923
8.7272729874
5.8181819916
10.4210529327
1.6363636255
8.6153850555
2.2999999523
11.2727270126
16.5833339691
33.4736824036
46.4000015259
23.0833339691
45.9090919495
52.2142868042
28.7826080322
73.7692337036
28.1875
28.6428565979
58.0909080505
13.5
26.6875
19.4615383148
11.1818180084
75.0909118652
12.0
18.4545459747
17.3125
7.1818180084
5.4000000954
