6.7750000954
3.5945944786
3.3793103695
36.1428565979
14.2380952835
6.8928570747
4.1599998474
53.1818199158
20.303030014
9.2666664124
16.6111106873
2.3199999332
36.5384597778
17.4242420197
26.0833339691
8.425532341
3.6875
13.3333330154
33.875
19.8787879944
24.7857151031
30.0555553436
25.65625
30.9375
14.0
27.5
2.1111111641
4.9166665077
20.0370368958
18.8235301971
3.375
15.1875
14.1111106873
2.9782607555
5.7368421555
25.2142848969
2.6666667461
6.521739006
3.9298245907
44.4166679382
2.2000000477
33.5882339478
4.5384616852
10.7272729874
3.6666667461
9.0909090042
11.8235292435
2.6800000668
22.1428565979
13.2702703476
13.1578950882
4.0
26.1538467407
3.055555582
23.75
14.173913002
10.6571426392
2.5
1.9285714626
16.0555553436
10.482758522
27.7894744873
11.7250003815
5.7272725105
37.2307701111
26.2999992371
27.9090900421
11.8421049118
59.4000015259
53.6363639832
10.125
12.3684206009
2.5999999046
16.4583339691
3.7083332539
6.0769228935
27.9444446564
3.4666666985
3.4909090996
19.7000007629
3.4193549156
50.3571434021
12.6756753922
4.5384616852
5.0714287758
3.1428570747
20.9736843109
5.0
10.2758617401
67.7272720337
10.7222223282
3.4230768681
14.7307691574
2.4210526943
6.8499999046
27.1764698029
5.1666665077
17.5499992371
4.4736843109
23.8666667938
51.0999984741
9.6111106873
6.4642858505
5.6111111641
2.2999999523
6.086206913
3.6400001049
8.7045450211
59.3333320618
24.0
46.9090919495
9.2121210098
2.9615385532
23.2000007629
4.6833333969
8.1333332062
46.9166679382
20.74193573
48.7142868042
10.0
3.1891891956
4.7777776718
14.9166669846
7.5
8.2682924271
9.4594593048
4.826086998
5.3636364937
13.5789470673
20.6666660309
27.0666675568
11.6444444656
3.2941176891
2.7333333492
16.928571701
3.944444418
3.2666666508
35.3636360168
4.0714287758
15.8666667938
21.5517234802
5.1594204903
4.108695507
11.125
13.9166669846
19.5
8.5555553436
6.90625
24.2666664124
14.25
2.25
4.4054055214
4.1875
12.3235292435
10.4399995804
20.5
5.0
2.9090909958
17.2666664124
2.7692308426
4.4375
17.6000003815
7.3939394951
28.3333339691
12.4166669846
13.6000003815
5.9615383148
3.260869503
34.0
11.2105264664
20.1818180084
5.3600001335
5.8461537361
22.6538467407
40.2727279663
4.8214287758
15.3199996948
5.8695650101
11.5416669846
2.4074075222
5.4000000954
9.8999996185
5.8000001907
3.7741935253
18.7916660309
11.7560977936
10.25
28.3999996185
43.5
5.9824562073
1.1428571939
7.7272725105
20.7999992371
7.2564101219
15.4137935638
5.0833334923
23.8999996185
6.4000000954
14.0
12.6829271317
26.6666660309
9.2857141495
3.1343283653
6.0526313782
30.5454540253
4.8095235825
3.0250000954
7.5625
11.6666669846
6.0487804413
14.7692308426
14.1818180084
17.5945949554
5.75
17.7999992371
69.3636398315
9.7272729874
11.3846149445
3.0
3.1333334446
4.5
10.0
24.3636360168
7.913043499
2.90625
6.625
5.1428570747
22.4705886841
3.4545454979
2.5
58.4000015259
31.25
5.625
4.2727274895
2.7222223282
4.4166665077
12.1764707565
38.5999984741
14.1000003815
3.5789473057
3.5199999809
14.3571424484
5.8181819916
17.5
9.4090909958
5.0
2.7777776718
7.0769228935
25.1818180084
3.0357143879
12.1578950882
5.0500001907
2.6923077106
16.4583339691
2.4000000954
26.5
2.8235294819
45.9090919495
4.629629612
9.0
2.0526316166
5.0408163071
27.1333332062
21.1764698029
3.5
6.9166665077
5.758620739
18.6111106873
3.2580645084
5.0
19.5
22.8571434021
8.1764707565
34.3571434021
27.3999996185
1.7333333492
32.5454559326
2.6666667461
23.1818180084
1.75
3.2727272511
6.1999998093
4.5999999046
2.758620739
16.6923084259
7.3846154213
3.2142856121
2.6153845787
11.0869569778
25.2857151031
6.0
4.7777776718
22.3571434021
4.0833334923
19.0
31.5333328247
12.3999996185
18.7619056702
9.5
10.5
5.3636364937
4.5
13.5294113159
39.5833320618
19.071428299
15.4074077606
3.1612904072
24.0
10.0
9.5294113159
3.3846154213
30.7272720337
3.758620739
26.7000007629
7.3529410362
5.0740742683
15.9333333969
7.7777776718
24.3636360168
3.9230768681
4.1923074722
11.0
6.0357141495
4.71875
18.3333339691
36.5
30.6363639832
5.117647171
1.6976743937
20.5789470673
17.5909099579
7.2142858505
9.0
21.0
4.4411764145
4.2068967819
10.7692308426
3.0
9.0
10.4375
7.0625
30.0
3.3225805759
4.8529410362
7.2857141495
27.8181819916
18.9090900421
3.5
25.9375
12.3000001907
2.6538462639
3.7058823109
39.1818199158
9.5862064362
3.9047617912
5.0588235855
26.4615383148
4.9375
9.1304349899
4.7272725105
4.5999999046
24.3333339691
4.5
8.6315793991
9.0
5.125
19.571428299
24.1000003815
2.375
16.3999996185
8.8800001144
17.928571701
20.4166660309
31.4166660309
10.347826004
4.4800000191
22.1000003815
3.5999999046
14.3000001907
5.8571429253
6.5925927162
35.2999992371
23.8999996185
11.0909090042
3.7857143879
2.75
2.7999999523
15.0
24.7142848969
5.1428570747
20.2666664124
2.5999999046
23.4545459747
7.0
6.8000001907
1.7407407761
12.2666664124
10.6000003815
4.9166665077
8.2105264664
22.928571701
18.5833339691
6.1304349899
18.0
6.5714287758
4.764705658
6.3333334923
12.4499998093
10.25
11.1000003815
19.6363639832
7.8333334923
2.2333333492
3.0
6.7368421555
20.6363639832
19.571428299
7.2777776718
2.3809523582
13.0
3.9600000381
10.5789470673
4.0
11.0
16.1538467407
3.7000000477
4.7083334923
12.0
20.2999992371
24.8999996185
4.0
12.3846149445
4.1052632332
1.5172413588
5.5199999809
5.7142858505
4.0799999237
4.7727274895
6.6500000954
5.4499998093
20.7000007629
3.625
3.5263156891
4.1999998093
6.0714287758
3.6500000954
25.6000003815
2.7647058964
1.5294117928
2.6666667461
21.1000003815
1.4642857313
6.652173996
1.6923077106
4.1379308701
8.5384616852
4.2173914909
4.0
4.3636364937
19.7333335876
3.0
2.655172348
5.3200001717
15.5333337784
3.5199999809
3.0833332539
9.9545450211
13.6153850555
3.7307691574
1.75
19.0769233704
2.0526316166
5.652173996
3.0399999619
9.7142858505
23.2000007629
6.7272725105
14.5294113159
2.2142856121
4.0999999046
18.8571434021
7.9230771065
4.3499999046
11.9230766296
5.6399998665
5.0
11.8125
30.7999992371
14.0
9.3999996185
3.7777776718
19.6363639832
12.1000003815
19.6363639832
6.4166665077
6.260869503
4.5
21.75
17.5333328247
3.7647058964
2.2692308426
3.6428570747
12.3846149445
3.8947367668
4.7727274895
5.476190567
4.125
3.7333333492
2.0
6.7333331108
8.9090909958
2.3333332539
11.6000003815
3.7999999523
11.6000003815
3.25
6.6428570747
4.2941174507
2.9411764145
5.2857141495
1.9411764145
2.7142856121
3.0
5.2666668892
3.1538462639
10.2307691574
7.0666666031
3.9411764145
9.125
7.4000000954
2.1904761791
4.0
4.375
8.6923074722
14.9090909958
6.3333334923
9.0909090042
4.1333332062
3.1764705181
3.055555582
8.4545450211
7.0909090042
8.9333333969
2.8333332539
9.5
2.6363637447
4.0714287758
5.5294117928
6.1875
3.4166667461
3.2000000477
3.75
2.3846154213
1.6000000238
0.9230769277
4.9000000954
1.6666666269
4.3000001907
1.1818181276
5.3000001907
10.4615383148
9.3199996948
20.1333332062
32.4545440674
22.2727279663
19.928571701
11.75
29.1000003815
22.3999996185
27.7692298889
7.6774191856
14.2142858505
18.9473686218
11.928571701
19.1875
9.1499996185
22.2777786255
6.0666666031
15.6000003815
34.0769233704
53.7000007629
25.2777786255
2.8461537361
6.3611111641
12.0
12.5517244339
31.0769233704
10.7142858505
11.321428299
6.5416665077
10.2857141495
10.0
7.7878789902
9.0952377319
17.3611106873
9.4499998093
6.6923074722
5.2592592239
16.125
7.0526313782
14.4666662216
9.0
11.0909090042
11.2272729874
53.5833320618
11.6999998093
20.1818180084
15.1499996185
9.1000003815
43.0999984741
26.3846149445
15.6875
9.5
21.1000003815
21.2222213745
6.9565215111
11.2380952835
6.7199997902
18.3999996185
18.1499996185
22.2000007629
22.8076915741
4.7916665077
14.2222223282
7.0952382088
10.5
21.2999992371
11.071428299
29.0
10.6086959839
12.9565219879
50.25
60.9166679382
18.6923084259
8.4242420197
13.5294113159
15.5333337784
8.1904764175
13.0
19.0625
13.8888893127
28.4545459747
29.3043479919
17.9130439758
20.7826080322
11.8333330154
17.8461532593
34.875
20.1818180084
14.7692308426
21.0588226318
6.8947367668
39.9000015259
19.117647171
4.7272725105
13.1875
15.6499996185
38.8571434021
26.2307701111
32.2222213745
24.9090900421
21.7999992371
21.7826080322
14.523809433
12.0370368958
13.2142858505
15.2857141495
8.8965520859
9.5
11.6153850555
22.8999996185
37.7000007629
38.6363639832
15.6875
20.8235301971
10.9090909958
12.0952377319
13.0769233704
12.9166669846
6.5999999046
13.7058820724
26.1578941345
19.9444446564
12.5
35.4285697937
12.6875
11.3076925278
15.9375
11.235294342
10.7058820724
13.6666669846
32.7692298889
8.1000003815
48.5454559326
14.2727270126
17.6923084259
11.1666669846
11.3157892227
14.0
17.4375
13.8333330154
9.7222223282
12.3888893127
22.8333339691
10.9166669846
12.5
18.1428565979
32.0
16.3636360168
23.0833339691
12.1428575516
11.571428299
20.0909099579
19.1538467407
8.846154213
9.0625
16.25
12.625
13.2142858505
26.7272720337
24.0
15.4166669846
10.6153850555
18.3636360168
9.928571701
11.071428299
12.3846149445
13.6000003815
12.0
15.9090909958
15.1818180084
11.3636360168
15.0833330154
7.6999998093
16.1000003815
8.7272729874
22.1666660309
18.3636360168
11.3333330154
8.2727270126
11.2307691574
9.3076925278
10.9090909958
15.6999998093
8.8571424484
7.3846154213
9.9090909958
13.9090909958
26.428571701
24.75
21.8333339691
49.2999992371
32.25
40.5
27.3636360168
18.9444446564
18.6000003815
63.8181800842
27.7692298889
41.2000007629
23.9047622681
33.5
41.1538467407
20.5555553436
76.9000015259
32.4285697937
46.4000015259
18.5625
38.2727279663
39.764705658
20.7000007629
25.5
33.1904754639
82.0
63.4166679382
30.9047622681
44.2999992371
25.1499996185
47.4285697937
37.7999992371
18.0909099579
60.3636360168
36.0
35.9000015259
19.7272720337
49.0
55.1428565979
14.2962961197
16.476190567
49.3076934814
51.0
31.6428565979
25.5454540253
74.8181838989
35.4000015259
43.0
15.75
27.3684215546
16.6000003815
43.0909080505
20.2941169739
43.8181800842
74.1999969482
53.9166679382
46.1818199158
17.5
62.2727279663
43.5
61.0999984741
51.3333320618
27.9545459747
21.2916660309
28.3125
47.2999992371
29.0
16.6499996185
30.3043479919
35.9285697937
39.7999992371
34.5
72.5833358765
22.2399997711
24.0
41.0833320618
58.5833320618
25.5384616852
44.2000007629
47.4000015259
15.5625
30.2857151031
47.4166679382
33.0
16.75
35.625
28.2857151031
22.3125
51.375
46.7999992371
26.9166660309
30.3846149445
52.0
21.25
26.9599990845
56.9285697937
17.7142848969
41.0
14.6000003815
42.3333320618
21.5185184479
40.9375
26.0588226318
71.4545440674
19.2222213745
24.7272720337
20.882352829
13.5
47.5
14.9259262085
30.1666660309
32.9500007629
66.8181838989
32.3076934814
30.75
30.8999996185
107.25
76.2307662964
16.9444446564
26.2999992371
60.5999984741
33.6428565979
13.0
45.3333320618
32.9166679382
20.571428299
13.8666667938
15.0769233704
19.4705886841
21.5333328247
35.0769233704
34.2000007629
37.1428565979
54.8181800842
13.7619047165
79.9090881348
22.428571701
33.0
35.8181800842
22.9333324432
30.8235301971
19.7333335876
27.5454540253
14.6842107773
53.0769233704
29.7692298889
25.4615383148
18.2941169739
43.7000007629
14.1000003815
27.1666660309
13.3000001907
30.5833339691
33.3636360168
30.5833339691
23.5
35.4000015259
29.2307701111
39.0
26.6153850555
26.2307701111
7.5714287758
15.1428575516
28.0909099579
20.6153850555
29.2727279663
59.9166679382
24.7857151031
29.2727279663
37.5
22.2727279663
17.1538467407
23.4705886841
29.75
24.7000007629
16.2999992371
15.3999996185
23.7272720337
20.9230766296
20.1818180084
15.7857141495
11.2666664124
24.6000003815
16.6363639832
20.6923084259
34.0
19.8999996185
20.25
17.4545459747
15.1999998093
12.1428575516
9.7692308426
16.1666660309
31.8999996185
16.8999996185
25.7272720337
29.1000003815
20.3636360168
13.5454549789
12.5454549789
18.7272720337
15.8000001907
17.5454540253
13.7272729874
10.5
16.8181819916
24.3999996185
10.5
45.4545440674
23.7272720337
18.7999992371
27.0
14.8333330154
12.3999996185
29.7999992371
19.5
21.5384616852
16.8571434021
13.0833330154
22.2999992371
12.75
47.0999984741
25.7999992371
15.8999996185
22.1000003815
14.5
14.153845787
12.1000003815
24.2727279663
16.9090900421
21.0
12.8181819916
27.8999996185
15.0909090042
17.1818180084
22.7999992371
15.5454549789
60.7999992371
16.6363639832
18.2999992371
22.0
13.1666669846
14.1999998093
29.8333339691
8.1999998093
14.3999996185
13.1999998093
14.5
25.6000003815
13.0
14.0
21.4736843109
21.4210529327
