11.9714288712
9.2758617401
2.7799999714
19.678571701
3.7272727489
2.5714285374
17.387096405
8.9047622681
8.0
6.9090909958
9.0909090042
34.7777786255
9.4117650986
54.0909080505
7.1999998093
9.7115383148
27.8333339691
4.4666666985
21.2222213745
4.9200000763
21.2399997711
6.8461537361
15.7272729874
12.7441864014
6.3846154213
9.0666666031
4.021276474
4.8333334923
2.5769231319
3.7999999523
14.8421049118
10.125
59.2000007629
30.2631587982
5.1999998093
6.5
2.2352941036
12.6666669846
1.9090908766
32.0
8.0
4.9428572655
23.5789470673
7.6538462639
3.5517241955
38.0909080505
4.59375
27.4615383148
34.4000015259
5.8620691299
5.6842103004
7.476190567
8.4117650986
6.478260994
4.9090909958
6.7727274895
5.1764707565
4.6666665077
2.2999999523
4.5
13.6315793991
24.5
3.1538462639
37.0909080505
14.8500003815
42.9285697937
14.4444446564
11.9166669846
3.1538462639
16.6000003815
4.6500000954
5.6111111641
12.0370368958
7.0434784889
10.4137935638
42.0
9.2941179276
8.5882349014
3.3636362553
13.3999996185
15.4166669846
19.5625
9.235294342
11.3500003815
9.3636360168
11.25
12.6000003815
11.7857141495
15.8999996185
59.2999992371
26.0
35.8235282898
22.2307701111
48.1666679382
32.75
35.9375
52.2000007629
25.6086959839
28.8333339691
19.3076915741
48.9090919495
16.2142848969
16.7272720337
7.9166665077
19.1818180084
19.5
15.6000003815
8.7058820724
