6.3684210777
8.9200000763
38.9230766296
21.2000007629
8.8571424484
3.1111111641
5.1818180084
30.7692298889
51.5999984741
10.2258062363
2.8461537361
7.5
18.4722213745
21.928571701
6.4166665077
4.8214287758
2.2000000477
4.9333333969
4.9642858505
4.3666667938
6.523809433
6.4324326515
13.1428575516
7.2075471878
4.1052632332
11.2173910141
10.3333330154
19.0454540253
6.4285712242
2.9705882072
3.1111111641
30.3076915741
22.7857151031
11.8421049118
2.0
2.2666666508
6.2941174507
1.962962985
6.2307691574
4.7142858505
21.9500007629
4.1578946114
3.9333333969
5.8392858505
9.875
6.5151515007
7.7272725105
3.3636362553
6.0
3.2222223282
2.4545454979
1.8333333731
3.9523808956
15.5
4.6111111641
17.0
6.8125
13.8571424484
15.4117650986
51.2000007629
4.4166665077
16.6000003815
16.0
1.461538434
5.4000000954
4.4705882072
3.3846154213
62.2307701111
11.3333330154
32.9090919495
16.6000003815
89.4000015259
5.1052632332
11.4583330154
10.8064517975
12.8800001144
6.5
27.235294342
8.0555553436
18.2727279663
11.478260994
9.5263156891
10.5
13.8181819916
4.1999998093
6.0833334923
36.764705658
3.8333332539
17.0769233704
6.5999999046
3.0999999046
31.3636360168
18.2727279663
10.5
27.8947372437
28.3636360168
69.3636398315
45.8333320618
80.0
60.4000015259
35.5999984741
16.6399993896
32.7391319275
20.2000007629
54.0
27.6399993896
70.5999984741
79.3000030518
30.5
12.5
15.3999996185
