6.1500000954
4.9803919792
2.0526316166
10.9433965683
1.976744175
8.2272729874
5.4074072838
3.5
2.8688523769
21.9354839325
16.2173919678
12.0754718781
7.5263156891
12.2857141495
3.4727272987
12.2857141495
2.5333333015
4.9600000381
3.8571429253
1.6000000238
4.8000001907
5.7307691574
5.4166665077
3.7982456684
7.9565215111
8.9024391174
4.4444446564
5.3076925278
3.4814815521
2.3333332539
4.1923074722
2.413793087
10.3076925278
20.0555553436
6.7222223282
7.391304493
2.2000000477
3.375
11.1999998093
4.3076925278
9.5652170181
12.6000003815
9.0
23.1875
2.8928570747
2.7142856121
13.9333333969
8.5
15.0740737915
2.6896550655
2.4545454979
1.9259259701
3.6190476418
14.3684206009
3.4666666985
5.0
3.9166667461
8.9666662216
6.5416665077
3.0454545021
7.1785712242
13.3076925278
3.6923077106
7.4285712242
14.5263156891
2.0
5.7272725105
4.5599999428
1.8125
2.4545454979
3.9600000381
6.2222223282
8.0
3.6500000954
11.3684206009
3.8333332539
6.0625
4.0
8.1578950882
10.0555553436
1.5263158083
3.055555582
6.7272725105
5.0
1.5454545021
33.9090919495
16.9375
9.3333330154
19.25
20.25
8.5600004196
10.8333330154
10.6666669846
8.6999998093
13.5
11.0
18.7600002289
25.5454540253
52.5
19.6315784454
20.2000007629
26.0833339691
16.2142848969
30.8181819916
19.1333332062
30.2727279663
31.4166660309
26.7999992371
17.0
9.0909090042
12.2272729874
13.0
