4.0
9.0444440842
3.7619047165
9.952381134
2.1515152454
2.7096774578
1.777777791
2.6666667461
53.2727279663
2.7096774578
6.3000001907
4.5
3.7719297409
18.6285705566
12.3181819916
5.1481480598
9.4736843109
5.5714287758
3.7999999523
3.0227272511
4.1333332062
2.7352941036
22.2000007629
22.0625
20.75
4.1304349899
16.617647171
2.7575757504
2.2083332539
4.586956501
31.75
1.6428571939
21.21875
6.2399997711
15.9666662216
4.3499999046
7.6666665077
3.03125
7.434782505
5.3870968819
15.8148145676
2.9677419662
11.3157892227
21.75
21.8999996185
9.9333333969
6.1599998474
4.1904764175
9.4814815521
4.370370388
4.1263155937
36.25
3.9285714626
14.9259262085
13.1999998093
19.6428565979
5.9166665077
18.148147583
8.6499996185
29.0952377319
5.0
9.7749996185
2.1875
4.7777776718
4.1071429253
11.571428299
11.5
9.3529415131
13.1666669846
10.446808815
5.5454545021
5.3636364937
11.3125
2.9285714626
3.0476191044
7.7111110687
9.2173910141
40.0869560242
8.3421049118
4.2777776718
48.3571434021
15.658536911
27.652173996
3.2592592239
2.8888888359
5.978723526
22.2666664124
3.5999999046
3.3684210777
3.3793103695
2.9230768681
10.0
3.8928570747
21.5483875275
7.8666667938
7.5333333015
9.4705886841
5.6885247231
12.3928575516
5.0980391502
19.9200000763
12.5833330154
4.5909090042
3.4642856121
33.9333343506
12.8181819916
5.25
10.1428575516
2.5714285374
5.6393442154
17.2222213745
1.5454545021
2.4821429253
11.5333337784
3.2380952835
3.5208332539
2.7999999523
19.1515159607
3.6842105389
2.382352829
5.8499999046
2.2999999523
4.7272725105
3.3333332539
4.0
5.2173914909
2.7931034565
8.3999996185
21.6666660309
3.9500000477
3.931034565
10.7692308426
4.6981134415
8.6428575516
6.476190567
3.6428570747
2.7058823109
10.3863639832
8.8000001907
10.4347829819
6.6111111641
3.6875
10.375
4.7272725105
3.0
3.0
6.3043479919
2.625
2.75
4.3571429253
10.1875
20.2857151031
4.6999998093
22.7368412018
7.0555553436
4.2105264664
25.3913040161
10.2439022064
5.023809433
3.7241380215
30.75
9.523809433
2.0909090042
4.8000001907
11.9444446564
9.5454549789
4.517241478
3.5
19.5599994659
3.3333332539
10.9166669846
5.5999999046
18.3999996185
2.444444418
4.2380952835
3.2333333492
18.8095245361
14.3999996185
4.3333334923
15.4482755661
7.347826004
10.3636360168
3.9090909958
4.1794872284
11.6363639832
12.1666669846
4.5964913368
4.0833334923
2.7727272511
17.2000007629
4.132352829
4.2307691574
20.9090900421
5.523809433
36.3846168518
4.3333334923
6.0
3.434782505
14.4166669846
10.1632652283
14.5185184479
3.2962963581
3.9000000954
7.7333331108
4.5205478668
2.6585366726
7.9375
2.4523808956
12.4666662216
4.9565215111
2.882352829
4.347826004
4.0526313782
4.4000000954
3.8918919563
8.1428575516
4.4821429253
7.7222223282
3.0
6.0666666031
2.3870968819
22.1333332062
24.75
9.4444446564
9.6999998093
3.8214285374
38.8888893127
8.2558135986
14.2222223282
2.0909090042
6.8000001907
4.7540984154
32.0
10.0882349014
11.235294342
3.3928570747
31.3333339691
17.4615383148
3.6842105389
14.1470584869
2.7777776718
11.1428575516
6.1111111641
3.4067797661
11.9333333969
18.25
5.4814815521
4.5555553436
3.2666666508
2.4117646217
4.0
19.8333339691
13.0
3.4594595432
11.476190567
5.5769228935
3.4769229889
7.0625
4.5384616852
18.6571426392
9.3999996185
1.6666666269
3.6333334446
2.9600000381
2.7272727489
27.1000003815
5.4090909958
26.125
20.7727279663
7.3548388481
6.4000000954
7.1578946114
12.5384616852
5.625
2.1818182468
44.6153831482
4.4117646217
2.9393939972
9.3333330154
4.5263156891
2.9090909958
3.1428570747
22.0909099579
18.0
3.5909090042
5.328125
4.25
11.7735853195
3.6818182468
3.8695652485
1.3999999762
4.4705882072
4.0185184479
32.9375
2.2857143879
3.1290323734
6.8846154213
5.3902440071
3.8620688915
5.0
4.3333334923
3.6666667461
3.9600000381
2.7727272511
16.7666664124
2.0
17.8666667938
5.6538462639
7.3571429253
2.9183673859
11.745098114
3.8292682171
6.5
6.8148150444
7.1111111641
9.3157892227
6.6875
6.565217495
3.5
2.8125
4.7727274895
2.8405797482
3.5999999046
11.1621618271
6.5789475441
8.6470584869
5.0
5.0416665077
11.9666662216
27.8571434021
5.0714287758
39.1428565979
6.9565215111
6.739130497
6.1363635063
22.6875
22.1428565979
17.2000007629
3.9047617912
6.3720932007
5.1666665077
7.7307691574
3.3283581734
10.3000001907
6.0588235855
3.5999999046
19.4166660309
15.6666669846
3.2131147385
3.8800001144
1.5675675869
14.0454549789
6.6451611519
17.2727279663
4.8813557625
3.1666667461
11.5454549789
3.7000000477
36.1538467407
19.0
4.764705658
2.2000000477
6.2857141495
69.1666641235
3.1578948498
4.4074072838
3.9523808956
3.4285714626
4.2333331108
33.7894744873
49.5
3.3928570747
6.4054055214
13.0869569778
5.913043499
8.2830190659
4.0909090042
21.7000007629
3.6500000954
2.7446808815
6.4705882072
15.9166669846
10.6875
3.6666667461
2.0
14.8000001907
3.7435896397
6.3076925278
7.2142858505
15.75
7.375
1.8461538553
11.720000267
3.25
22.9047622681
12.1750001907
6.9285712242
13.2142858505
6.3846154213
4.3600001335
8.3333330154
8.0
6.75
3.75
7.1764707565
4.5
8.2941179276
5.4545454979
3.4782607555
16.5833339691
3.6111111641
5.6666665077
22.4074077606
4.2222223282
5.7894735336
11.375
2.0833332539
5.3333334923
14.0
10.0833330154
3.9285714626
3.0
4.2857141495
8.1818180084
6.3636364937
2.9583332539
4.5294117928
4.523809433
5.0735292435
7.25
3.4545454979
6.2857141495
4.9333333969
2.3076922894
5.4000000954
8.0
4.1666665077
4.489361763
2.7000000477
3.5454545021
9.0
2.7142856121
4.8181819916
4.2777776718
4.7692308426
74.6923065186
5.882352829
30.1000003815
5.0769228935
4.523809433
6.4166665077
9.0
2.6666667461
4.1904764175
4.5199999809
5.375
4.4666666985
2.5
6.8499999046
6.0588235855
5.8181819916
8.7272729874
8.0555553436
2.2999999523
3.9411764145
4.7142858505
10.428571701
6.4444446564
5.8499999046
14.864865303
4.375
8.428571701
9.3333330154
2.0
2.2307691574
5.8499999046
10.6000003815
4.1875
14.117647171
2.6428570747
3.4117646217
9.0909090042
13.1999998093
4.6999998093
18.264705658
5.8181819916
7.4736843109
3.1428570747
4.8947367668
1.8181818724
2.0909090042
2.9600000381
5.1578946114
6.0701756477
3.3333332539
7.3333334923
12.341463089
7.8499999046
2.9000000954
2.8809523582
4.5192308426
4.4583334923
21.4482765198
7.2941174507
5.1428570747
6.0666666031
6.6666665077
2.8666665554
8.5454549789
5.1052632332
5.1428570747
7.25
5.7058825493
8.7333335876
2.2000000477
1.8181818724
19.9047622681
2.1818182468
80.1999969482
6.5454545021
9.8235292435
5.1333332062
4.4705882072
27.7894744873
6.7619047165
12.882352829
4.9000000954
2.5999999046
11.625
4.1666665077
4.7272725105
3.1818182468
5.0
12.3000001907
6.8125
4.8571429253
2.9583332539
22.875
5.6153845787
3.5
7.1999998093
12.375
4.1500000954
20.6818180084
4.7619047165
8.5
6.1428570747
5.1578946114
11.8235292435
8.75
5.0
3.4166667461
10.7272729874
2.9473683834
7.4615383148
5.4375
4.0
3.0909090042
5.7272725105
12.9333333969
6.0909090042
8.0555553436
5.6666665077
3.9000000954
4.2307691574
4.5454545021
4.9166665077
4.3181819916
3.6071429253
12.4545450211
12.071428299
6.1111111641
10.74193573
4.1666665077
4.5999999046
2.517241478
15.0666666031
2.7142856121
21.9200000763
4.3571429253
9.0909090042
1.9565217495
2.6315789223
5.6666665077
2.413793087
4.830508709
8.2857141495
10.2857141495
4.3333334923
41.4545440674
2.8604650497
3.5454545021
8.0500001907
3.0416667461
6.7692308426
24.9473686218
3.4583332539
7.3846154213
3.0999999046
4.1428570747
5.0999999046
2.3636362553
4.5416665077
5.6666665077
3.4615385532
8.6363639832
21.1599998474
3.625
3.25
7.0
3.0
5.0714287758
4.0909090042
4.7142858505
2.3076922894
7.3636364937
48.4000015259
3.0769231319
4.0425534248
15.4090909958
3.7073171139
4.3611111641
3.5454545021
5.5
3.347826004
23.7333335876
5.5526313782
3.0999999046
3.875
2.4000000954
8.6666669846
15.4090909958
32.0833320618
3.1875
10.2307691574
4.382352829
4.9230771065
19.625
7.3333334923
5.3200001717
4.75
1.4230768681
1.1428571939
2.305555582
4.8235292435
4.2121210098
5.8846154213
5.0
4.3200001717
5.8181819916
12.1428575516
3.9473683834
28.7142848969
28.3333339691
22.3846149445
2.8181817532
16.4500007629
4.96875
3.875
2.7428572178
15.2222223282
5.2580647469
4.689655304
3.9230768681
23.6875
21.3999996185
4.1818180084
4.6666665077
10.1904764175
18.9166660309
3.6129031181
4.5925927162
3.7826087475
3.8333332539
4.8000001907
4.0
3.2380952835
4.1071429253
2.9600000381
10.428571701
2.7692308426
5.6363635063
17.5454540253
5.2083334923
4.478260994
2.652173996
3.2941176891
1.5499999523
5.8947367668
3.5909090042
2.7857143879
4.2857141495
6.0
4.3461537361
2.9642856121
3.4230768681
8.2631578445
3.8928570747
5.1599998474
3.586206913
19.7999992371
5.5714287758
3.4230768681
4.25
3.185185194
4.1481480598
22.5
3.2222223282
4.6428570747
4.1363635063
3.8571429253
7.8000001907
9.5500001907
3.5
3.3599998951
4.5199999809
7.2105264664
4.6818180084
3.0588235855
7.7894735336
24.0909099579
7.523809433
5.5999999046
3.8571429253
8.8181819916
4.6153845787
7.8125
5.7368421555
5.4615383148
9.476190567
2.7599999905
25.7272720337
3.0
2.1923077106
4.8333334923
3.185185194
6.4166665077
11.3999996185
8.3157892227
3.0769231319
4.0454545021
2.827586174
2.9411764145
2.7916667461
9.3999996185
9.2777776718
5.5555553436
2.3103449345
4.8333334923
1.6857142448
5.4666666985
4.2727274895
4.5199999809
2.75
3.4000000954
1.75
10.3076925278
3.0526316166
5.5999999046
6.0588235855
10.7142858505
8.5384616852
7.8333334923
6.5384616852
5.7142858505
2.1818182468
13.6999998093
8.8000001907
9.0909090042
3.2941176891
6.6153845787
5.0909090042
6.5454545021
3.3125
3.5
2.2777776718
10.8999996185
14.0909090042
14.6999998093
6.0
2.625
6.5454545021
3.9285714626
1.6000000238
3.5833332539
6.5454545021
8.8000001907
5.0
9.1999998093
3.2727272511
4.8000001907
7.9000000954
3.1538462639
4.0999999046
3.1666667461
6.9000000954
4.0999999046
1.6363636255
2.0
2.5999999046
4.476190567
17.6428565979
8.6111106873
5.9166665077
19.6428565979
8.7567567825
22.7692298889
6.9696969986
17.8333339691
5.7272725105
6.952381134
25.7368412018
38.5625
8.375
6.6428570747
24.4074077606
13.347826004
60.7000007629
18.0
9.7272729874
10.0399999619
12.2105264664
2.7142856121
13.0384616852
18.2000007629
19.2000007629
45.5833320618
35.1764717102
8.3999996185
23.7391300201
20.9599990845
25.9230766296
11.6923074722
10.0
15.3636360168
5.0454545021
10.6999998093
11.8333330154
4.6666665077
15.153845787
16.0588226318
34.0714302063
8.4347829819
7.6153845787
12.3181819916
7.4615383148
22.7272720337
10.0833330154
10.0
5.8181819916
12.6363639832
14.3000001907
11.047618866
3.6666667461
42.4285697937
10.0
14.0303030014
4.4583334923
25.3999996185
17.0526313782
25.882352829
6.6875
9.4242420197
7.4166665077
10.2272729874
4.3333334923
8.3636360168
4.0
24.2307701111
13.153845787
7.9166665077
2.5
11.2307691574
12.0666666031
21.6470584869
8.8000001907
11.428571701
42.0909080505
27.2000007629
6.7272725105
27.25
16.235294342
3.0
24.0
21.047618866
3.8571429253
8.5454549789
13.9090909958
8.6363639832
11.0
6.1999998093
18.5454540253
14.653845787
4.8181819916
9.4166669846
6.6190476418
15.0
5.6363635063
17.1923084259
6.125
3.8333332539
4.5
8.3846149445
8.3333330154
8.3999996185
13.5789470673
14.2222223282
6.5454545021
4.5
4.1999998093
5.0
7.7857141495
26.9090900421
3.3636362553
16.8571434021
5.4000000954
6.0833334923
14.1999998093
9.5
9.5833330154
18.1538467407
5.3333334923
4.7692308426
5.0
3.625
23.2727279663
17.0
4.2727274895
9.6999998093
9.846154213
16.6923084259
5.9230771065
33.6315803528
5.0
4.4615383148
7.0999999046
1.75
12.0666666031
11.153845787
6.1999998093
17.2666664124
2.9000000954
12.0
4.4166665077
45.9000015259
9.5
4.8181819916
14.4705886841
15.1764707565
15.5333337784
20.75
17.7142848969
30.1666660309
7.2727274895
13.1999998093
14.1999998093
16.0
11.9333333969
14.1000003815
24.1818180084
12.846154213
23.3636360168
19.25
16.1818180084
22.6363639832
11.3999996185
15.2727270126
23.1000003815
14.7692308426
19.7000007629
20.0
8.0
69.5
80.1999969482
55.6428565979
54.2857131958
55.5999984741
41.1500015259
72.0
49.7999992371
45.3846168518
88.0833358765
18.1304340363
17.6363639832
18.4500007629
26.8666667938
61.2999992371
91.0
48.9000015259
23.6000003815
30.4545459747
38.5999984741
47.7857131958
37.9375
16.7272720337
23.9166660309
39.8461532593
41.5
58.0999984741
31.7058830261
71.7692337036
14.0370368958
36.875
36.0714302063
66.6999969482
45.5999984741
24.0
23.3571434021
20.5
42.1538467407
25.75
56.5384597778
58.1666679382
27.1333332062
16.4814815521
55.3076934814
28.8999996185
52.0714302063
19.5
17.0
33.0769233704
26.5333328247
16.5499992371
46.4545440674
64.0
14.4166669846
71.1818161011
36.0
62.6363639832
26.0384616852
92.8000030518
33.2666664124
25.1764698029
90.1999969482
11.8333330154
47.4000015259
21.5217399597
21.125
31.625
12.59375
45.0588226318
50.2000007629
54.7333335876
34.5999984741
11.8000001907
16.4444446564
45.8181800842
38.6363639832
21.2307701111
17.6111106873
24.3636360168
20.6153850555
21.0
17.3571434021
25.3333339691
13.6153850555
17.5833339691
27.8999996185
22.0
31.3999996185
20.0
18.3076915741
10.1818180084
16.1000003815
13.1818180084
11.571428299
20.5
12.4166669846
17.8181819916
11.9166669846
15.8000001907
17.428571701
13.3333330154
33.7333335876
15.3000001907
9.3846149445
10.4666662216
14.5454549789
35.8461532593
50.0
11.1999998093
13.2727270126
15.0
12.3000001907
7.3000001907
11.0769233704
6.75
8.0833330154
7.8064517975
11.1666669846
