13.1000003815
3.1333334446
3.1230769157
2.7638888359
4.6190476418
4.6530613899
25.344827652
2.25
17.1621627808
4.6666665077
7.0975608826
9.0526313782
4.1764707565
4.8947367668
2.8846154213
12.9583330154
9.8000001907
5.6097559929
5.25
5.173913002
8.3999996185
9.2156858444
2.1666667461
15.7083330154
6.375
8.6666669846
6.3529410362
2.5454545021
6.1999998093
3.8857142925
5.7096772194
5.4857144356
5.1666665077
27.6666660309
3.9230768681
5.8000001907
8.8333330154
6.0833334923
4.6071429253
2.1538462639
4.0740742683
2.7000000477
5.5625
3.75
3.7000000477
3.6923077106
3.6071429253
12.8235292435
8.1000003815
3.4285714626
10.5882349014
5.6666665077
10.0909090042
24.0
10.1999998093
6.0740742683
5.2758622169
6.8333334923
2.4210526943
27.2999992371
8.952381134
3.7777776718
4.3684210777
15.6153850555
5.8421053886
4.5454545021
3.0370371342
25.4166660309
4.086956501
3.7777776718
7.1428570747
3.5714285374
4.1666665077
15.6000003815
4.6428570747
7.2777776718
2.8571429253
6.6666665077
5.4375
3.6153845787
5.4545454979
3.5384614468
9.0
6.9230771065
7.3333334923
4.8333334923
2.0
5.8181819916
1.75
2.4615385532
17.8571434021
8.8333330154
13.2727270126
18.2777786255
6.1818180084
16.1428565979
14.0399999619
38.0833320618
11.8000001907
16.3333339691
9.8333330154
13.4736843109
11.3333330154
15.7272729874
8.0
11.6000003815
39.3333320618
25.3333339691
39.7368431091
33.5
45.7999992371
9.8333330154
11.9090909958
10.1999998093
