2.421875
45.3333320618
18.3529415131
30.5599994659
4.7368421555
4.3000001907
7.75
36.4705886841
14.8333330154
4.0579710007
22.3636360168
33.5999984741
35.5625
4.2769231796
38.2000007629
11.5161294937
28.875
4.0
20.0277786255
10.5853662491
6.2537312508
57.6923065186
6.5925927162
9.5283021927
22.1363639832
18.117647171
3.6111111641
33.6666679382
4.0588235855
33.25
3.8205127716
11.928571701
3.6875
2.6896550655
3.7999999523
4.0909090042
8.1111106873
5.7105264664
17.7000007629
29.3333339691
11.7619047165
14.3571424484
21.1666660309
7.4000000954
2.0
9.3076925278
4.1999998093
8.2142858505
9.4736843109
25.0
6.4545454979
5.4375
8.125
4.0
8.6000003815
8.3999996185
34.4666671753
10.2916669846
10.3999996185
18.25
23.7999992371
7.0500001907
9.0769233704
17.7600002289
8.517241478
6.3000001907
10.5500001907
5.310344696
4.1999998093
54.8571434021
3.6666667461
7.8421053886
15.2307691574
8.6923074722
10.3076925278
26.0625
9.5
22.1923084259
58.2000007629
16.7000007629
32.0
27.1538467407
38.9375
42.2666664124
29.9230766296
52.9000015259
33.5384597778
59.2000007629
79.8000030518
15.7083330154
29.6000003815
6.8181819916
29.625
26.3333339691
34.9230766296
21.0
28.2727279663
19.6666660309
12.25
19.3076915741
28.6363639832
17.0769233704
45.5454559326
26.3043479919
11.5
6.5833334923
14.764705658
