40.75
7.4473686218
3.5909090042
21.1851844788
4.1999998093
11.8999996185
2.0740740299
5.1999998093
5.1999998093
3.6111111641
7.5
3.413793087
2.78125
10.4375
4.5918369293
24.652173996
2.9285714626
3.347826004
23.7142848969
20.2666664124
17.8125
8.2051286697
11.40625
5.0
18.148147583
3.5
7.1666665077
18.1428565979
4.652173996
13.2142858505
2.931034565
2.6451613903
3.84375
2.2142856121
3.0999999046
17.2000007629
3.7142856121
14.571428299
5.7600002289
25.6666660309
3.1904761791
4.5294117928
5.7692308426
33.2999992371
5.7619047165
15.0769233704
3.8333332539
2.9285714626
12.1000003815
4.6818180084
19.0
11.25
2.9354839325
3.9000000954
4.2800002098
3.6428570747
4.8499999046
5.9166665077
4.7199997902
12.1428575516
6.0
7.0588235855
5.8333334923
7.1999998093
4.0
12.6000003815
2.3333332539
3.2000000477
1.2727272511
12.6666669846
9.0833330154
6.0
8.6923074722
8.8500003815
20.1578941345
13.1428575516
20.0588226318
19.2000007629
7.125
7.2941174507
11.3000001907
18.7999992371
28.4444446564
5.0
14.8235292435
32.5
14.9130430222
21.7857151031
17.4545459747
15.1999998093
18.2000007629
77.1999969482
26.1818180084
16.0
29.1666660309
47.5999984741
16.7999992371
24.3888893127
42.6666679382
80.4545440674
25.2857151031
12.2631578445
25.0
22.3500003815
24.9090900421
44.25
31.7272720337
75.9000015259
15.625
39.0
23.5
7.0
13.3000001907
16.5
20.3636360168
19.1818180084
6.3333334923
18.3684215546
16.3846149445
