12.0571432114
6.6923074722
7.375
35.25
49.4000015259
12.3809528351
13.9047622681
7.6842103004
14.1111106873
36.125
2.2833333015
13.125
29.5
4.6774191856
10.3333330154
20.476190567
68.4615402222
3.1971831322
20.28125
37.3125
13.7560977936
6.7222223282
3.3461537361
4.5932202339
20.2307701111
15.0
38.9230766296
11.0769233704
2.944444418
51.4000015259
15.482758522
3.5671641827
6.7076921463
7.0
33.5999984741
4.911110878
46.3571434021
17.5599994659
30.0
2.4516129494
3.789473772
23.0833339691
3.9200000763
12.6000003815
19.310344696
27.0
17.3500003815
3.2222223282
16.4827594757
2.9629628658
9.1904764175
36.875
11.0249996185
2.5357143879
4.1785712242
5.25
13.0
4.8333334923
19.0769233704
27.3703708649
2.2999999523
22.7777786255
21.7619056702
5.8333334923
28.8125
7.4210524559
18.347826004
3.347826004
11.6000003815
4.6545453072
8.1746034622
10.0740737915
22.1428565979
29.2857151031
3.6935484409
3.6129031181
6.875
3.8333332539
2.8846154213
3.5833332539
5.3461537361
7.4324326515
11.9166669846
6.4333333969
11.5
4.0
6.7903227806
4.0384616852
15.3055553436
7.2142858505
44.6666679382
47.8333320618
5.4666666985
44.75
20.1818180084
21.6470584869
7.955555439
2.4666666985
24.7000007629
8.9166669846
11.3999996185
4.4000000954
5.1666665077
15.7333335876
15.135134697
13.4666662216
5.2173914909
37.9285697937
3.8666665554
4.6428570747
5.086956501
21.3684215546
3.8235294819
4.9230771065
32.4666671753
26.6875
19.8999996185
10.6666669846
9.1904764175
4.6129031181
11.6086959839
20.125
23.1071434021
79.5999984741
21.1599998474
12.75
26.6923084259
32.9333343506
1.9259259701
38.875
4.2962961197
3.1333334446
45.1538467407
2.7368421555
45.0
3.6774194241
16.1923084259
5.310344696
3.4000000954
4.9189190865
22.7058830261
4.5
23.6086959839
16.8648643494
7.0625
5.1666665077
52.5999984741
4.1710524559
8.846154213
3.0447762012
19.4375
35.6666679382
4.3488373756
4.125
8.9333333969
6.6666665077
10.9736843109
3.7692308426
45.5
17.9210529327
8.9666662216
15.6216220856
4.1555557251
30.75
14.5625
3.488888979
6.1999998093
4.0422534943
4.8285713196
24.4166660309
14.0625
3.0
13.8285713196
3.8333332539
3.6666667461
5.4814815521
12.3714284897
59.5454559326
3.1818182468
39.1578941345
8.1555557251
5.09375
27.8695659637
16.4594593048
6.90625
51.5999984741
1.4166666269
5.7058825493
8.0833330154
19.625
9.0
42.3333320618
7.2564101219
15.6923074722
10.1000003815
4.4615383148
6.2272725105
4.4166665077
14.5454549789
4.5
2.1363637447
7.7058825493
8.1666669846
10.428571701
13.8333330154
3.4705882072
4.1805553436
10.5
4.0133333206
8.4375
28.4615383148
40.0526313782
13.5909090042
24.3999996185
11.0
7.9642858505
6.9629631042
8.3333330154
7.6511626244
5.25
20.0526313782
6.8000001907
13.0833330154
6.7179489136
31.2999992371
41.25
17.5
7.2931032181
2.5666666031
14.5249996185
30.5333328247
2.25
26.75
3.627450943
13.5769233704
47.0
3.8421051502
2.9268293381
9.7777776718
1.7936507463
14.3181819916
27.0869560242
41.7999992371
27.8571434021
17.3529415131
8.7346935272
4.2058825493
9.372549057
9.9189186096
52.2000007629
9.2941179276
4.3650794029
9.0909090042
30.3076915741
10.428571701
5.4482760429
27.1538467407
8.1842107773
31.2222213745
3.2666666508
18.6333332062
19.25
4.2380952835
17.6071434021
2.9333333969
5.0333333015
3.5882353783
13.3571424484
5.5161290169
3.210526228
7.0
3.6818182468
3.7727272511
12.1999998093
5.5199999809
3.5999999046
11.428571701
3.5714285374
4.4499998093
4.2666668892
3.5384614468
6.5
4.0999999046
6.4400000572
2.6153845787
2.5333333015
7.7333331108
4.625
4.1875
3.25
28.3076915741
36.9000015259
4.7857141495
1.875
3.5
3.2941176891
7.9615383148
4.6315789223
5.0
2.1875
3.3846154213
4.6999998093
3.055555582
6.0909090042
21.6363639832
21.7894744873
11.4666662216
5.9705882072
4.4705882072
2.6923077106
13.7333335876
2.5625
3.0
30.2631587982
4.2051281929
23.9090900421
5.391304493
3.9142856598
23.0
30.8999996185
10.1999998093
16.2413787842
1.7058823109
4.0625
29.2857151031
11.7391300201
3.1875
22.8666667938
8.6000003815
30.5
32.2000007629
7.0500001907
12.8000001907
2.4375
26.75
2.555555582
6.75
29.5
6.0
26.4444446564
16.3888893127
31.5333328247
4.3846154213
28.1666660309
33.6363639832
31.7142848969
20.0
2.625
3.96875
11.0
2.6666667461
22.071428299
2.7037036419
13.0
6.2307691574
2.3214285374
17.5499992371
9.2666664124
11.9166669846
3.0833332539
8.4642858505
9.0
2.4545454979
18.9230766296
40.0833320618
3.8333332539
2.9210526943
2.1333334446
3.4333333969
2.4166667461
10.0833330154
4.0
4.5294117928
16.75
2.1315789223
2.5
2.6666667461
5.5999999046
34.0833320618
14.7058820724
4.25
7.7083334923
5.21875
2.7741935253
6.3333334923
6.4838709831
8.0
10.6800003052
22.5
4.827586174
16.6666660309
2.1333334446
4.7333331108
12.6956520081
3.2424242496
38.2999992371
3.0
21.0666675568
15.8999996185
15.9375
4.4000000954
30.6000003815
14.2222223282
2.5833332539
31.1000003815
7.3846154213
4.7727274895
14.5
9.6111106873
9.0
25.0
2.3157894611
10.5
7.9375
1.5882352591
17.4545459747
4.2800002098
18.3333339691
17.6923084259
24.6666660309
3.3043477535
7.7916665077
6.1538462639
3.3846154213
4.2857141495
4.0
9.6111106873
4.9230771065
2.9333333969
4.2105264664
13.2727270126
6.1999998093
6.047618866
2.2307691574
12.9333333969
8.25
13.5625
4.3000001907
3.7999999523
18.0
3.8888888359
15.6363639832
5.8888888359
3.2000000477
5.478260994
4.4166665077
5.6363635063
4.2857141495
15.0769233704
26.4545459747
4.8181819916
25.0909099579
8.0909090042
14.3333330154
2.8666665554
7.1363635063
5.6875
6.8499999046
10.1111106873
16.8666667938
4.0
3.6666667461
4.2758622169
4.4545454979
18.2000007629
2.5833332539
8.0588235855
17.0
3.3846154213
5.75
8.8947372437
12.0
6.3125
2.172413826
6.8333334923
1.875
7.0
4.8095235825
6.8666667938
13.2666664124
5.0
9.846154213
10.875
2.7777776718
7.375
7.6363635063
8.0625
5.7894735336
5.0769228935
18.8999996185
4.3571429253
4.2380952835
10.3636360168
4.3333334923
3.9411764145
4.5333333015
4.4117646217
3.0
5.0
5.3333334923
12.3000001907
2.6470587254
3.1500000954
4.875
5.1999998093
9.0
4.0
19.1818180084
2.555555582
5.0
3.9047617912
4.5384616852
8.3999996185
2.3888888359
6.8333334923
6.6666665077
3.4615385532
3.6428570747
3.1538462639
6.5999999046
3.9230768681
7.5
14.6363639832
2.7272727489
2.1333334446
1.0909091234
4.0999999046
3.9166667461
4.0999999046
2.6153845787
5.3636364937
8.3000001907
4.0769228935
3.6666667461
1.7000000477
4.9090909958
12.6923074722
5.8333334923
2.2000000477
1.3999999762
6.0
12.8695650101
9.8333330154
18.8695659637
12.5500001907
11.4230766296
8.882352829
13.0909090042
9.4615383148
15.3599996567
11.8999996185
11.5
8.1333332062
15.2173910141
8.387096405
3.7999999523
9.9499998093
7.1999998093
25.0
7.0
15.1000003815
9.8666667938
15.4117650986
48.9375
13.0
37.0909080505
6.9473686218
17.0
13.523809433
8.151515007
12.9090909958
22.7999992371
33.7222213745
5.7600002289
23.8571434021
8.3846149445
21.0
3.6363637447
14.1052627563
10.8888893127
13.3809528351
8.2272729874
23.2857151031
22.3999996185
32.4117660522
8.7222223282
47.2000007629
24.6315784454
7.2592592239
12.2777776718
8.25
8.6999998093
17.25
14.5294113159
5.6315789223
42.4545440674
7.9166665077
5.8333334923
60.7142868042
5.3636364937
45.6923065186
37.0769233704
12.2307691574
52.0666656494
46.4615402222
14.125
10.2692308426
11.5500001907
30.625
5.3636364937
19.0555553436
16.2999992371
14.75
35.6666679382
7.5806450844
11.6428575516
63.2999992371
19.75
64.4545440674
10.571428299
5.8888888359
13.1764707565
12.8095235825
4.5999999046
20.4400005341
5.6111111641
3.5625
5.9565215111
6.9473686218
60.0
13.2727270126
39.125
50.3636360168
10.6666669846
7.6153845787
15.3157892227
37.25
17.7368412018
13.9444446564
4.1578946114
28.2307701111
23.0
7.6999998093
31.9166660309
13.0588235855
12.3000001907
12.25
9.5405406952
6.5999999046
12.0
10.5
5.1818180084
5.0
8.6000003815
10.3599996567
19.7692298889
4.478260994
7.1875
9.0
10.047618866
13.8000001907
49.5
28.0499992371
15.1764707565
25.8461532593
8.882352829
16.3571434021
11.4799995422
12.7826089859
35.5999984741
6.75
23.4615383148
8.1212120056
13.3333330154
12.75
54.9000015259
18.9230766296
5.0588235855
39.1818199158
22.8571434021
17.7000007629
16.3333339691
14.1333332062
13.0
11.8076925278
13.5925922394
8.172413826
7.0399999619
11.2666664124
25.1578941345
7.0
18.6923084259
12.8333330154
8.0
4.7692308426
3.3571429253
8.2307691574
9.0
15.2903223038
9.375
6.8888888359
13.0
11.9473686218
20.6666660309
15.7368421555
19.9375
14.8999996185
15.5161294937
16.1818180084
13.0
16.4615383148
13.0
43.3333320618
18.0769233704
8.3000001907
10.6999998093
11.2142858505
4.125
11.4375
16.5294113159
4.4545454979
7.4615383148
11.0967741013
1.9090908766
26.5833339691
14.25
14.0909090042
11.0
9.8999996185
18.428571701
16.8636360168
14.6363639832
2.25
25.3999996185
16.2000007629
16.2941169739
9.2222223282
11.3000001907
10.8125
17.5625
7.9333333969
14.3999996185
11.25
36.8181800842
30.1818180084
11.5
11.9166669846
15.235294342
22.2000007629
9.8000001907
18.4666671753
7.8947367668
14.2941179276
24.5333328247
1.6666666269
15.8666667938
13.5
10.5
20.8461532593
17.3846149445
21.4166660309
18.3636360168
14.2666664124
49.9090919495
7.3529410362
12.5
28.2000007629
11.6000003815
20.4545459747
13.4615383148
16.5454540253
22.3999996185
7.4615383148
9.846154213
5.4166665077
14.5454549789
9.7272729874
6.4000000954
17.9090900421
8.1818180084
11.0
10.153845787
9.8999996185
10.5833330154
15.0
36.8333320618
27.8947372437
66.6999969482
18.7083339691
27.75
51.5999984741
69.75
33.315788269
20.8333339691
19.5909099579
37.6363639832
9.3999996185
23.7619056702
47.4000015259
22.3333339691
28.1818180084
11.0344829559
22.2000007629
20.0799999237
51.125
13.0
55.7000007629
25.1599998474
19.8181819916
21.6153850555
19.0
97.3000030518
30.0833339691
44.5714302063
34.0
32.5714302063
31.2380943298
39.1818199158
26.5
67.0
22.0666675568
29.571428299
34.6923065186
43.4000015259
35.6428565979
20.2380943298
54.2999992371
53.9166679382
32.75
25.882352829
25.2777786255
34.9230766296
56.6153831482
28.882352829
31.1666660309
46.3636360168
45.7000007629
23.8461532593
76.8000030518
70.7272720337
13.5652170181
32.7999992371
14.6923074722
74.0
57.0999984741
35.3636360168
11.5
25.7999992371
45.7857131958
54.0999984741
46.7000007629
35.9230766296
20.4545459747
16.5
19.9444446564
46.7999992371
48.75
37.3636360168
80.0
25.2000007629
56.2857131958
33.3636360168
26.6875
15.5909090042
20.0
27.4736843109
47.7000007629
58.0
25.9090900421
53.2999992371
35.25
41.555557251
44.1818199158
60.2000007629
47.8333320618
21.1904754639
11.1999998093
30.8333339691
61.75
68.2727279663
44.2142868042
29.5
61.5999984741
60.2999992371
20.9583339691
68.4545440674
43.2941169739
18.25
20.7999992371
31.4444446564
15.8000001907
58.9285697937
29.7999992371
50.5
39.0
32.9090919495
60.9000015259
34.5789489746
40.0999984741
22.0384616852
15.4615383148
55.1538467407
101.699996948
41.7000007629
67.8000030518
37.1666679382
26.4375
43.2727279663
74.1818161011
17.3846149445
20.2727279663
20.7037029266
18.5
53.5999984741
66.4000015259
26.2941169739
52.0999984741
23.2000007629
75.3000030518
26.1818180084
20.7142848969
10.846154213
15.3809528351
12.9230766296
13.8000001907
35.6521720886
40.7692298889
15.0
31.7857151031
65.4545440674
16.0
53.0833320618
50.5999984741
19.3928565979
31.4210529327
25.5294113159
36.7999992371
60.2999992371
24.5
30.2777786255
66.1818161011
45.8333320618
39.8235282898
55.8181800842
22.5652179718
29.3333339691
31.1666660309
53.3333320618
21.3043479919
25.6190471649
34.0
24.4705886841
41.8823547363
53.2000007629
37.75
29.8947372437
33.5999984741
33.5454559326
11.3571424484
17.25
46.7000007629
59.4545440674
24.882352829
93.9000015259
19.6000003815
18.1333332062
23.7857151031
39.7999992371
25.0909099579
26.3636360168
37.7692298889
27.5833339691
22.7999992371
23.0
18.3636360168
21.1818180084
37.0
27.7999992371
27.7857151031
34.2000007629
32.9166679382
21.5
54.6363639832
16.4705886841
35.3636360168
29.7999992371
33.9000015259
27.2142848969
19.3333339691
28.7999992371
33.8181800842
19.7999992371
16.8666667938
16.5384616852
36.2000007629
12.3846149445
29.6363639832
26.0833339691
32.5999984741
30.6000003815
18.8571434021
16.4166660309
24.4545459747
22.2000007629
10.1333332062
18.1428565979
20.2307701111
24.2999992371
17.5
13.3333330154
18.6000003815
13.8000001907
18.8999996185
17.8181819916
31.1333332062
21.7000007629
16.5454540253
18.3636360168
20.4545459747
16.1000003815
20.0909099579
31.1000003815
15.1818180084
12.3076925278
18.0
21.0
21.8999996185
11.1000003815
20.4545459747
17.7000007629
13.9166669846
15.8333330154
16.6363639832
14.1666669846
22.0
12.1818180084
13.0
11.6000003815
9.3636360168
14.2142858505
15.3636360168
9.3999996185
14.5
13.1999998093
21.1000003815
13.4444446564
17.9200000763
6.310344696
17.8076915741
11.071428299
21.1000003815
18.8076915741
5.7692308426
30.3809528351
15.3333330154
8.375
17.0833339691
13.9444446564
25.0625
13.2727270126
