4.0714287758
9.0303030014
2.2285714149
4.1538462639
4.9545454979
7.3636364937
14.7941179276
2.7083332539
10.5
3.7777776718
26.0400009155
18.6666660309
3.6153845787
4.2272725105
7.8064517975
3.7727272511
7.1111111641
2.896551609
4.7419352531
12.1111106873
4.7179489136
4.4038462639
4.3833332062
4.6935482025
3.75
18.75
2.5
8.6315793991
3.6666667461
1.7333333492
2.2708332539
3.4615385532
5.2702703476
5.2903227806
16.3636360168
27.6923084259
18.1764698029
43.2999992371
4.1111111641
4.4583334923
8.1000003815
4.7600002289
1.8181818724
6.8695650101
4.1363635063
4.75
2.6923077106
8.3888893127
3.3076922894
6.8125
14.5454549789
30.1818180084
45.2999992371
5.375
13.521739006
40.7000007629
5.6842103004
19.235294342
19.0454540253
4.6666665077
8.7058820724
14.0555553436
35.4545440674
12.2727270126
5.8333334923
23.0
47.0
25.7272720337
32.7857131958
79.9090881348
75.6999969482
21.4210529327
17.125
13.0769233704
14.625
26.6666660309
29.5882358551
80.5
26.9166660309
66.4166641235
56.2999992371
22.0
14.1153850555
29.25
20.6363639832
35.8461532593
20.9411773682
76.3000030518
18.0
33.0833320618
39.0833320618
35.2999992371
42.7272720337
19.571428299
26.6923084259
24.9090900421
29.8333339691
17.4166660309
16.4545459747
45.7999992371
11.571428299
15.0
22.2000007629
15.5454549789
13.0588235855
26.0
9.1428575516
8.1999998093
17.25
38.5999984741
8.5
13.1000003815
37.7000007629
7.3461537361
11.7894735336
11.1000003815
