26.2142848969
4.4339623451
4.2941174507
7.0
6.0714287758
14.6666669846
15.7142858505
3.3888888359
2.9655172825
6.9166665077
3.5999999046
4.2666668892
2.5999999046
4.3181819916
2.5
9.428571701
18.25
15.7407407761
8.3548383713
8.8095235825
3.7777776718
15.428571701
15.8666667938
4.5999999046
3.5454545021
3.7636363506
4.327586174
30.0
3.5641026497
3.2857143879
3.1764705181
7.8717947006
14.8181819916
11.3913040161
2.7619047165
4.3636364937
16.0625
2.4545454979
2.5999999046
3.8095238209
6.5
7.5999999046
4.1428570747
4.3636364937
2.75
2.75
2.0769231319
4.5
4.5
5.0
10.8999996185
2.7826087475
2.789473772
6.2105264664
5.6363635063
8.25
8.6363639832
3.0499999523
6.9166665077
6.25
36.6666679382
1.9166666269
5.5882353783
2.9000000954
4.1764707565
6.0500001907
5.7692308426
4.5999999046
1.7999999523
2.7142856121
1.7999999523
7.9090909958
5.5999999046
6.5833334923
12.6363639832
37.9166679382
6.0645160675
4.9230771065
28.8333339691
3.0
12.8571424484
14.0
1.2000000477
1.7307692766
9.75
15.6000003815
4.9230771065
9.9090909958
41.6923065186
7.5517239571
4.0833334923
43.2727279663
21.428571701
10.7619047165
9.0416669846
20.2800006866
5.5625
11.1818180084
6.3333334923
12.8333330154
36.3636360168
79.8000030518
15.0
46.3333320618
79.4000015259
16.071428299
66.6923065186
46.7692298889
21.882352829
20.3333339691
36.2307701111
30.3333339691
15.7777776718
17.2000007629
21.1818180084
34.25
14.6999998093
13.8000001907
9.153845787
8.4347829819
