6.5384616852
4.2777776718
3.4000000954
3.0199999809
2.6136362553
3.2142856121
3.7307691574
8.2941179276
20.5517234802
3.4545454979
15.7857141495
13.5405406952
5.6666665077
15.3055553436
19.9200000763
5.3333334923
27.3157901764
19.3999996185
24.6000003815
16.655172348
3.7301588058
28.2272720337
5.0625
18.6363639832
44.9166679382
3.2903225422
5.5833334923
25.1875
5.3043479919
13.375
3.5199999809
29.8999996185
33.4090919495
7.4166665077
5.1904764175
7.7333331108
4.8000001907
2.8571429253
4.3888888359
4.0500001907
20.2000007629
6.5454545021
8.5454549789
8.4545450211
8.3500003815
2.9333333969
6.0
8.0333337784
36.4166679382
2.5806450844
3.7692308426
5.1428570747
15.3157892227
4.8076925278
3.6071429253
3.3870968819
8.1000003815
6.0714287758
26.8181819916
9.1111106873
25.5
28.3529415131
57.9090919495
28.3999996185
17.75
2.7000000477
8.3999996185
14.75
47.4545440674
3.1764705181
15.6363639832
18.25
13.4499998093
9.6666669846
12.1000003815
3.0
36.8461532593
5.1999998093
17.3333339691
7.0833334923
16.6153850555
9.5833330154
5.5
49.0999984741
52.25
23.0
70.9166641235
72.9090881348
53.2142868042
37.6923065186
21.4545459747
57.0
32.0833320618
15.5909090042
32.8125
56.2727279663
23.928571701
18.1818180084
53.0
27.6666660309
21.1538467407
29.0
23.2857151031
10.4444446564
