5.7954545021
3.0
2.0399999619
15.047618866
4.2142858505
2.1666667461
45.875
2.0384614468
6.8666667938
10.235294342
4.0714287758
3.7142856121
4.3000001907
25.9230766296
30.2222213745
6.7857141495
25.25
6.3636364937
5.0357141495
10.3846149445
3.6923077106
67.9166641235
4.7636365891
5.434782505
4.6666665077
8.6923074722
4.117647171
3.5769231319
7.75
4.5384616852
6.2777776718
3.210526228
8.1000003815
6.6842103004
3.5
3.7058823109
5.1578946114
6.0833334923
18.5833339691
5.3000001907
8.5
4.3846154213
8.571428299
4.3333334923
5.7272725105
4.1875
3.2777776718
2.2400000095
5.125
3.78125
3.2222223282
4.8695650101
10.1578950882
11.5882349014
2.586206913
5.4583334923
4.0
8.3589744568
22.0
13.3999996185
4.0
9.875
22.0
14.1499996185
4.3076925278
36.6923065186
32.6470603943
15.6956520081
8.1764707565
31.5384616852
15.6153850555
41.1428565979
10.5
11.1666669846
7.5999999046
6.0
20.75
36.2727279663
1.8333333731
13.6666669846
8.3076925278
5.3000001907
2.8181817532
6.0909090042
16.8333339691
7.0999999046
39.6666679382
25.0
20.8846149445
36.8181800842
15.0952377319
11.9375
20.0869560242
37.9333343506
22.5217399597
20.428571701
48.0769233704
42.0
29.0
6.6363635063
15.8181819916
5.8181819916
