27.4615383148
5.9615383148
34.0
22.6000003815
2.7999999523
11.3999996185
3.4782607555
2.5434782505
4.5416665077
6.1764707565
11.875
18.2083339691
5.0357141495
3.3793103695
27.3571434021
11.1212120056
3.2352941036
3.8571429253
9.882352829
8.6666669846
14.1599998474
18.25
5.6111111641
9.7547168732
16.928571701
26.0
29.5454540253
41.9333343506
2.2439024448
19.3333339691
4.1818180084
4.764705658
4.2105264664
3.4461538792
34.6111106873
7.1875
19.476190567
8.9772729874
5.6799998283
14.2727270126
15.7142858505
3.0454545021
22.428571701
16.0625
5.34375
27.0
4.3684210777
2.2000000477
29.0769233704
31.0
31.6111106873
13.0
2.8684210777
4.375
3.6451613903
9.9565219879
11.0399999619
3.5454545021
8.8888893127
3.7999999523
2.4666666985
3.068965435
2.7857143879
53.9333343506
3.4545454979
3.4285714626
7.2222223282
2.2121212482
2.2000000477
14.4375
6.1304349899
4.625
9.6400003433
3.4411764145
6.0416665077
23.428571701
10.8571424484
4.2058825493
18.9714279175
3.055555582
3.5306122303
14.1666669846
7.125
15.928571701
5.2173914909
14.6800003052
3.0399999619
3.6567163467
2.7551021576
3.2999999523
3.75
22.5
12.6190471649
6.0408163071
3.0666666031
3.0666666031
4.235294342
3.3611111641
2.6842105389
4.0
6.0
4.7272725105
5.8285713196
3.4090909958
5.327586174
17.7272720337
11.4666662216
5.117647171
3.7692308426
5.6842103004
21.4642848969
3.844827652
3.9523808956
7.1599998474
6.6470589638
11.6086959839
5.7399997711
20.5217399597
4.2916665077
11.7777776718
3.5666666031
3.0142858028
6.9600000381
2.963414669
4.3018865585
7.0555553436
20.75
13.8928575516
6.565217495
15.2380952835
7.6279067993
2.1794872284
7.655172348
16.7777786255
24.0
2.6666667461
5.8000001907
2.7666666508
3.8235294819
7.629629612
6.7027025223
2.9772727489
2.3684210777
2.8095238209
12.1612901688
13.0
4.3333334923
3.7272727489
5.5151515007
6.9333333969
5.3000001907
5.7333331108
13.235294342
2.9666666985
3.1555554867
2.2142856121
3.9354839325
3.7037036419
5.7826085091
1.3333333731
6.0999999046
3.625
21.0
12.125
5.3200001717
8.3958330154
4.1428570747
3.8636362553
3.3015873432
3.4285714626
25.3999996185
27.0434780121
18.5454540253
9.2857141495
2.4285714626
7.3214287758
4.3333334923
4.6842103004
29.1428565979
2.6842105389
14.3333330154
30.8333339691
2.0526316166
10.0399999619
2.6153845787
11.8775510788
2.8333332539
21.4193553925
8.7368421555
3.6081080437
10.4444446564
23.3125
14.5666666031
28.0434780121
3.5
5.3191490173
18.5757579803
4.4259257317
33.3125
6.1111111641
25.4545459747
14.9696969986
4.5
16.5789470673
82.0999984741
4.0923075676
9.4411764145
2.5789473057
3.0
15.5
5.0
4.478260994
6.375
8.6000003815
72.0
4.75
2.6756756306
11.2692308426
20.6060600281
17.1219520569
5.5925927162
16.3684215546
9.2093019485
4.2068967819
2.9230768681
7.0
4.6341462135
2.6515152454
20.0
2.5384614468
5.0
4.086956501
4.2888889313
23.65625
38.8125
17.4444446564
5.375
6.7272725105
21.48387146
4.4615383148
7.8095235825
69.5
7.0535712242
44.0999984741
30.2272720337
5.1818180084
21.2000007629
3.117647171
6.0500001907
2.0625
21.7999992371
10.9375
4.0500001907
5.7800002098
6.8333334923
6.6885247231
13.3333330154
8.0689659119
33.0
8.3809528351
9.0
22.7272720337
4.6851849556
45.8333320618
3.8571429253
8.8666667938
11.1818180084
4.6923074722
50.9230766296
2.7368421555
6.1199998856
18.2307701111
3.4615385532
4.6875
7.2380952835
49.7000007629
7.8421053886
13.5789470673
19.7826080322
9.2307691574
19.0
6.8947367668
21.617647171
10.0689659119
7.8163266182
7.7575759888
4.7894735336
4.9285712242
4.1666665077
3.6500000954
5.7142858505
4.347826004
9.0370368958
3.8125
3.2000000477
5.1818180084
3.2999999523
3.75
7.3636364937
4.7272725105
4.0526313782
4.5625
2.6470587254
2.3333332539
21.0
4.2727274895
5.4666666985
7.3000001907
5.1818180084
4.0625
6.4736843109
4.4545454979
2.0476191044
3.4500000477
5.0
7.2631578445
1.9333332777
17.875
6.9714283943
3.0
5.4166665077
3.5909090042
2.8666665554
4.1428570747
4.3684210777
7.0714287758
2.4800000191
8.3571424484
3.0
7.0666666031
2.4545454979
3.6666667461
3.0
4.4444446564
5.0
5.4166665077
3.0
4.6315789223
4.7857141495
4.4666666985
5.9166665077
11.3333330154
53.3333320618
3.2400000095
2.5999999046
6.5
2.789473772
7.1999998093
5.9285712242
5.6818180084
3.8846154213
2.9375
11.625
7.086956501
10.0
4.125
4.7600002289
3.0588235855
28.1000003815
2.8571429253
6.3636364937
5.0526313782
6.4736843109
2.1875
6.6666665077
3.5714285374
2.8181817532
3.375
2.8571429253
4.117647171
3.8571429253
3.1538462639
9.0
4.3499999046
5.0
3.6363637447
4.875
4.9375
2.3809523582
5.6999998093
3.3333332539
2.1785714626
7.1764707565
7.1578946114
5.7142858505
3.5
3.0476191044
6.0
3.0499999523
3.6666667461
5.5
2.2000000477
2.0499999523
4.5882353783
1.8181818724
4.2916665077
7.4166665077
3.2999999523
5.8421053886
7.9444446564
1.6000000238
3.9230768681
2.1500000954
2.3076922894
2.6923077106
7.7333331108
3.2222223282
4.2692308426
1.7000000477
4.3333334923
3.7200000286
3.3333332539
37.3913040161
7.5
6.1764707565
10.1000003815
4.8387098312
4.1999998093
43.4761886597
8.4545450211
3.8095238209
2.6111111641
4.7272725105
22.2777786255
3.3888888359
3.0
6.0999999046
4.1851849556
5.0588235855
5.0500001907
3.2000000477
4.6923074722
12.3636360168
6.848484993
12.7727270126
31.8461532593
3.4285714626
4.5384616852
3.523809433
5.4285712242
9.2941179276
2.555555582
3.6451613903
4.6999998093
4.8666667938
6.375
3.4285714626
6.0
8.3695650101
2.9090909958
4.1111111641
3.0
59.2307701111
7.5999999046
3.0
11.8000001907
2.1818182468
4.3846154213
10.3636360168
4.5999999046
6.5555553436
9.5
2.5499999523
6.4545454979
4.5909090042
6.235294342
8.8695650101
2.5263156891
4.5333333015
4.1666665077
4.1379308701
4.9444446564
2.0666666031
3.7222223282
10.5263156891
1.5
6.6666665077
2.8399999142
2.1333334446
6.7333331108
9.8000001907
5.5500001907
4.8666667938
5.9285712242
4.7058825493
2.4800000191
4.8000001907
3.8666665554
3.7200000286
4.1538462639
4.4499998093
5.0769228935
2.3103449345
3.0
3.5
2.5999999046
51.5999984741
38.8181800842
12.1000003815
4.5714287758
5.2727274895
3.6842105389
5.0999999046
4.0909090042
27.1739139557
4.25
4.6923074722
3.6400001049
4.5
3.565217495
3.8499999046
6.3333334923
6.3076925278
4.7368421555
3.6470587254
2.5999999046
2.4000000954
7.7272725105
4.8666667938
6.1904764175
2.6153845787
3.2307691574
3.0
10.4736843109
5.4166665077
3.0
4.0999999046
54.8666648865
6.6875
16.2999992371
8.3999996185
3.5
3.7333333492
4.5
2.7000000477
8.1851854324
11.1428575516
17.8461532593
16.6842098236
5.8666667938
3.5
2.8571429253
4.4545454979
11.571428299
8.8333330154
3.4545454979
11.0666666031
2.1666667461
6.3333334923
20.0
3.0
2.8461537361
7.8000001907
7.1999998093
8.2727270126
6.5833334923
7.6666665077
4.7142858505
9.5333337784
4.0833334923
4.0555553436
23.4583339691
4.2631578445
8.3636360168
2.2142856121
9.1363639832
12.3571424484
5.9166665077
35.3076934814
19.0
3.3214285374
1.7999999523
2.25
5.8095235825
3.5
7.3571429253
2.5
3.0344827175
7.1538462639
7.0769228935
22.6000003815
2.3333332539
2.0714285374
6.8636364937
4.4444446564
22.6153850555
1.2000000477
7.6666665077
6.8000001907
13.625
4.3636364937
4.1666665077
7.4666666985
1.5625
3.0909090042
25.5833339691
17.6818180084
26.2142848969
10.2941179276
10.848484993
9.5
5.4166665077
17.5789470673
21.1578941345
44.3571434021
14.928571701
15.6666669846
5.9655170441
9.2903223038
43.3636360168
22.2399997711
4.7058825493
10.625
13.5789470673
14.0
12.8571424484
17.0
15.3043479919
11.3000001907
6.6999998093
78.7272720337
27.2000007629
18.8999996185
11.3125
14.8999996185
5.5
21.0
16.8461532593
7.4375
24.8125
14.1000003815
9.6499996185
8.46875
24.6923084259
24.5
14.9565219879
6.1428570747
18.1333332062
24.2999992371
7.8571429253
16.3461532593
7.7272725105
30.428571701
6.6190476418
14.375
20.2142848969
15.1000003815
2.4545454979
4.5
8.6400003433
4.2857141495
8.75
55.0714302063
14.8181819916
23.3333339691
10.0500001907
12.235294342
3.875
17.0588226318
6.2727274895
11.9583330154
7.9090909958
12.7272729874
23.9090900421
8.9545450211
5.8000001907
10.7272729874
11.9090909958
39.4117660522
17.8461532593
27.7777786255
16.3043479919
4.0769228935
3.5999999046
5.5999999046
9.3939390182
4.5555553436
2.7272727489
9.75
9.3333330154
8.8000001907
22.6363639832
4.8636364937
17.2857151031
5.1111111641
2.2307691574
8.0588235855
12.0
13.7058820724
6.4545454979
21.1333332062
8.5
46.3636360168
5.3076925278
14.6363639832
3.8181817532
8.75
7.4193549156
25.6666660309
10.3000001907
4.9629631042
10.75
14.6666669846
9.7826089859
13.1666669846
11.3913040161
11.5909090042
7.6363635063
7.7857141495
11.1904764175
12.625
11.5
16.3500003815
14.3076925278
24.4583339691
15.5
18.3043479919
4.75
10.3571424484
9.0
9.75
5.7083334923
11.6764707565
14.1000003815
53.0
7.7727274895
21.2222213745
19.1923084259
11.153845787
62.5
3.0833332539
20.3913040161
5.0769228935
2.5454545021
6.7083334923
4.25
12.2068967819
4.9600000381
5.6470589638
11.5909090042
24.4117641449
12.1818180084
16.0
21.2727279663
2.0666666031
3.8709676266
15.4347829819
6.6999998093
15.1000003815
11.3999996185
14.476190567
9.117647171
15.1999998093
9.428571701
7.3249998093
30.1578941345
9.0666666031
7.5263156891
9.6818180084
9.0
27.75
47.0769233704
19.2105255127
8.75
27.4444446564
8.2666664124
8.8000001907
12.25
29.1499996185
16.625
4.75
11.6000003815
27.375
9.4375
10.8695650101
50.7999992371
4.4285712242
51.5454559326
3.6363637447
25.7142848969
8.71875
7.1428570747
14.4615383148
6.8095235825
13.1904764175
2.5333333015
5.8571429253
3.3636362553
12.1000003815
10.7857141495
34.5833320618
5.652173996
8.25
33.8421058655
11.8999996185
12.0399999619
56.5999984741
17.375
21.2000007629
12.5
4.3636364937
5.3076925278
21.5
5.9375
10.846154213
22.4666671753
19.7692298889
69.9166641235
28.7333335876
9.1666669846
13.4545450211
2.625
56.8333320618
22.6923084259
24.2631587982
3.3076922894
7.8333334923
3.5
10.5
26.1764698029
7.6923074722
5.0
11.3333330154
15.1578950882
9.4545450211
2.8333332539
3.25
4.0
7.0666666031
1.8181818724
2.5
15.875
6.3333334923
3.5999999046
3.9285714626
4.5
4.6875
1.9090908766
12.8999996185
3.5
3.6428570747
2.7999999523
2.4615385532
5.0
5.2222223282
9.0909090042
5.0909090042
23.3636360168
3.9285714626
6.8000001907
11.6666669846
41.0
7.1818180084
3.25
4.7272725105
35.5882339478
4.4545454979
3.4000000954
4.6999998093
6.5999999046
10.8000001907
13.3000001907
10.0909090042
3.2857143879
2.4545454979
7.9090909958
1.2727272511
22.7894744873
10.3000001907
8.2142858505
4.0833334923
16.1333332062
4.3571429253
8.5
20.1666660309
8.2941179276
11.1818180084
7.0833334923
2.0909090042
3.6470587254
15.8000001907
46.4666671753
5.3333334923
15.6000003815
5.9000000954
12.1000003815
6.1999998093
3.7272727489
13.8999996185
3.5
6.0999999046
12.0909090042
1.7272727489
12.6999998093
2.1818182468
21.9090900421
8.6000003815
4.6363635063
20.0909099579
3.5454545021
21.0
12.5555553436
5.1428570747
9.3000001907
32.5
5.5999999046
6.0
4.4375
26.0
5.5384616852
6.7272725105
2.0999999046
6.6363635063
7.5384616852
18.5833339691
9.25
10.3846149445
16.2000007629
5.0
4.0999999046
5.4000000954
7.75
10.7058820724
12.8181819916
13.1818180084
20.1000003815
38.0
46.5384597778
24.125
45.5
25.8947372437
76.9166641235
46.2857131958
66.6666641235
95.4000015259
71.2727279663
42.4615402222
33.444442749
43.75
40.9285697937
32.75
15.2413797379
66.0999984741
37.8461532593
32.5
42.6923065186
55.3333320618
29.0
45.9230766296
19.3888893127
20.5454540253
57.7000007629
24.6000003815
10.0
19.4166660309
17.6666660309
9.6000003815
13.6363639832
80.8000030518
55.7999992371
78.1999969482
42.2000007629
21.8461532593
18.3846149445
14.6086959839
28.6190471649
51.5294113159
43.0833320618
61.75
16.7600002289
25.7586212158
40.7999992371
27.7272720337
31.0
23.1538467407
19.1000003815
42.2727279663
37.6666679382
25.9473686218
72.8000030518
24.6666660309
21.4166660309
19.1764698029
36.7272720337
66.5
46.8666648865
29.0526313782
33.1666679382
60.5454559326
35.6363639832
23.6363639832
45.25
39.0
60.4285697937
37.7692298889
40.3125
31.6111106873
36.5625
10.5
25.7368412018
17.2307701111
40.75
45.125
18.1904754639
16.2307701111
32.0499992371
18.0
18.3913040161
27.25
43.1538467407
27.7777786255
30.0769233704
30.8999996185
13.9565219879
38.25
24.1000003815
51.9333343506
34.3529396057
28.0
42.0909080505
29.0769233704
32.7894744873
32.0769233704
55.0
43.0
21.5185184479
38.6666679382
45.2727279663
75.0833358765
26.0
65.4545440674
65.1999969482
15.3999996185
66.1764678955
52.0833320618
34.7058830261
49.9230766296
19.8333339691
40.5333328247
24.6818180084
30.3333339691
10.2727270126
58.25
27.0869560242
16.8500003815
42.1875
19.3529415131
44.7142868042
18.4782600403
33.0625
22.3809528351
23.764705658
44.2999992371
87.6999969482
21.6000003815
36.4615402222
46.0
19.3999996185
53.75
92.0
51.9230766296
69.5454559326
76.2307662964
14.3333330154
53.8571434021
10.6999998093
22.8999996185
61.0833320618
43.2999992371
12.3333330154
11.428571701
29.9166660309
20.0
14.5454549789
11.0833330154
24.5
9.7272729874
38.0
7.125
14.1923074722
13.8518514633
6.478260994
6.4117646217
5.2142858505
9.3793106079
21.3333339691
12.1599998474
10.517241478
