15.4054050446
8.4499998093
13.3846149445
2.555555582
5.1999998093
29.8125
2.1666667461
5.413793087
16.6923084259
42.7000007629
9.8571424484
8.648648262
1.3636363745
12.6857147217
3.2916667461
29.5
3.7222223282
6.2857141495
7.046875
6.5999999046
3.0952382088
4.8235292435
10.5192308426
22.6363639832
5.0
8.8000001907
6.1935482025
14.9117650986
3.9285714626
8.0
4.0625
1.5833333731
4.3157896996
10.375
23.5
7.625
2.0
23.8666667938
6.0909090042
3.8857142925
6.2083334923
14.6999998093
3.7878787518
16.0
43.0909080505
4.5599999428
8.0
3.1290323734
10.6000003815
11.3333330154
3.3333332539
6.2916665077
5.5555553436
5.8000001907
3.7777776718
3.5599999428
3.1764705181
3.3076922894
2.5999999046
5.0999999046
9.0
7.1666665077
49.9166679382
11.652173996
26.75
32.7000007629
35.4375
7.6875
39.6363639832
21.8333339691
7.1818180084
13.8888893127
12.347826004
53.7000007629
4.6923074722
26.6818180084
7.40625
16.2000007629
17.3333339691
7.1428570747
33.1818199158
15.0833330154
12.1666669846
44.5999984741
15.8000001907
5.3636364937
57.6153831482
47.7000007629
18.9545459747
19.9473686218
23.7368412018
34.2307701111
17.3684215546
29.25
29.7777786255
52.5999984741
59.0909080505
40.1875
14.75
17.4615383148
12.3636360168
10.2857141495
14.6666669846
17.3999996185
14.6000003815
