22.3181819916
21.6363639832
4.2115383148
4.2307691574
7.0909090042
2.7083332539
2.59375
5.8095235825
2.4375
5.047618866
5.0833334923
9.0666666031
3.59375
21.7999992371
24.75
12.102563858
3.1379311085
7.0
3.4333333969
6.3571429253
37.25
16.3571434021
16.8275871277
4.2258062363
25.3846149445
14.5
4.75
4.1333332062
20.625
19.8095245361
11.1935482025
4.9230771065
9.3333330154
5.4615383148
1.3636363745
2.344827652
10.5
6.2380952835
2.6785714626
1.586206913
14.7142858505
19.928571701
2.4722223282
5.3600001335
3.1153845787
3.1071429253
8.1000003815
11.1333332062
7.0454545021
2.8571429253
8.0
8.0555553436
5.7058825493
15.9166669846
6.1999998093
7.4705882072
9.3846149445
11.3999996185
4.0625
2.0
10.9032258987
10.8181819916
11.428571701
59.5714302063
18.3888893127
23.1666660309
8.3000001907
8.870967865
28.375
16.2999992371
9.3999996185
5.7222223282
4.2727274895
6.875
3.1428570747
2.0
12.0909090042
14.928571701
48.0999984741
3.3636362553
16.9500007629
17.5833339691
8.5
9.7777776718
9.5789470673
9.2727270126
16.3999996185
23.4166660309
11.8999996185
11.0
27.1000003815
21.9090900421
7.8000001907
9.6923074722
30.7222213745
73.5454559326
64.5
26.9090900421
85.8000030518
39.5833320618
13.5333337784
98.0
24.5454540253
40.6428565979
16.2000007629
69.5454559326
54.8181800842
30.1818180084
22.3999996185
25.7142848969
24.8181819916
33.2000007629
15.6363639832
14.9166669846
16.5454540253
13.75
