22.6428565979
2.3076922894
29.2000007629
18.4166660309
2.9523808956
10.3714284897
3.7999999523
5.4285712242
2.5853657722
3.9487178326
6.0399999619
42.9166679382
3.6923077106
11.4615383148
5.75
4.875
34.5999984741
2.8888888359
2.9000000954
6.8666667938
28.75
4.2173914909
4.391304493
2.555555582
10.1578950882
3.5151515007
4.4736843109
8.235294342
23.7272720337
1.9583333731
2.3333332539
3.2777776718
8.0625
6.3333334923
2.8666665554
6.5384616852
5.5555553436
5.125
5.5714287758
2.0
2.2307691574
7.8125
1.7058823109
2.9333333969
43.6363639832
23.8888893127
15.5500001907
28.5333328247
12.6666669846
17.2916660309
18.6363639832
31.9500007629
17.2666664124
21.7999992371
29.7142848969
26.6875
17.0
7.2580647469
19.3333339691
8.346154213
16.6000003815
20.5294113159
47.2727279663
18.4736843109
18.3333339691
16.3999996185
18.8666667938
23.5384616852
13.9411764145
12.2222223282
11.25
15.0
12.3999996185
9.428571701
17.1000003815
15.1666669846
55.0
73.4000015259
29.5294113159
75.5999984741
25.882352829
15.7142858505
39.8666648865
12.09375
49.2000007629
42.2666664124
21.0666675568
50.6153831482
9.7407407761
20.0
66.0999984741
19.0769233704
18.0526313782
34.6923065186
38.4545440674
36.0
23.4545459747
18.5
40.0
35.5
19.1000003815
30.3999996185
13.8999996185
12.8000001907
16.1000003815
