23.3636360168
26.5
2.4666666985
27.3999996185
61.7000007629
4.0714287758
36.7142868042
8.6851854324
28.1666660309
15.2105264664
3.4166667461
27.8461532593
17.3529415131
35.3529396057
5.7073168755
10.3636360168
15.571428299
5.2666668892
2.4285714626
6.4210524559
2.0714285374
27.75
65.0999984741
24.1428565979
20.3333339691
5.4230771065
15.1363639832
6.3000001907
3.0
2.7142856121
4.0
14.6333332062
4.764705658
4.6666665077
38.4117660522
16.5151519775
5.25
47.5
5.0909090042
14.0357141495
5.264705658
31.6111106873
31.6111106873
24.5384616852
27.6153850555
4.0178570747
5.5
12.4444446564
21.3333339691
32.5454559326
16.2413787842
9.0
22.8076915741
3.2058823109
6.4038462639
5.9166665077
1.9375
10.8999996185
6.9000000954
30.7999992371
4.4210524559
30.6666660309
41.2999992371
5.0746269226
42.2666664124
7.9499998093
12.3157892227
12.0
24.4074077606
15.5200004578
3.1451613903
21.117647171
11.0625
3.9268293381
11.1041669846
19.1538467407
17.1764698029
22.2000007629
67.8000030518
9.4545450211
4.6326532364
15.0
6.875
22.5483875275
3.4285714626
3.0754716396
4.3461537361
16.4782600403
29.7333335876
17.3611106873
8.5294113159
3.6842105389
2.8484847546
17.3043479919
4.6199998856
19.4400005341
9.8000001907
36.9411773682
4.2236843109
3.210526228
30.7083339691
5.5454545021
12.764705658
5.4146342278
15.648648262
39.8571434021
3.9830508232
15.74193573
3.7692308426
5.0208334923
3.2758619785
21.0333328247
5.6976742744
12.7368421555
9.0833330154
3.9512195587
3.9259259701
4.117647171
16.75
16.2173919678
13.2258062363
4.5999999046
43.0
24.2000007629
16.6956520081
2.9000000954
4.2857141495
6.434782505
18.928571701
31.2727279663
18.3142852783
5.75
15.2083330154
8.7894735336
41.7333335876
21.0588226318
3.78125
5.5199999809
11.3636360168
13.1891889572
17.9583339691
36.2000007629
7.6666665077
2.1052632332
3.4821429253
22.9375
4.5909090042
16.9142856598
2.3809523582
42.1333351135
21.2307701111
35.7894744873
13.625
36.1666679382
4.4583334923
22.4615383148
29.5925922394
2.8125
23.3999996185
56.25
23.2000007629
31.0434780121
19.1842098236
33.5
5.4166665077
2.6557376385
13.3809528351
7.5348834991
40.0666656494
10.9473686218
15.8999996185
16.0
35.0
7.3600001335
20.0
5.391304493
2.0980391502
55.6666679382
33.2000007629
20.1851844788
10.8695650101
50.75
29.7916660309
8.3999996185
18.375
3.7000000477
5.2916665077
28.0
15.4054050446
4.5454545021
45.5454559326
23.9090900421
38.2000007629
3.7916667461
33.5
39.2999992371
3.319444418
9.4324321747
3.3800001144
4.1199998856
3.260869503
18.1315784454
11.0
2.5714285374
3.7857143879
44.3684196472
52.5
4.2258062363
3.3125
20.2413787842
9.5283021927
35.0
4.1395349503
9.5249996185
3.0350878239
5.3333334923
8.571428299
7.8095235825
11.8666667938
3.2682926655
24.8571434021
17.9310340881
25.8636360168
2.9285714626
3.8571429253
21.0740737915
2.5
12.3076925278
25.8571434021
14.1000003815
33.3333320618
26.6399993896
14.7857141495
16.8148155212
15.875
22.9166660309
26.4375
4.948718071
16.5172405243
9.40625
58.3636360168
8.655172348
11.4814815521
10.3076925278
15.0540542603
15.6774196625
5.1212120056
5.6153845787
31.764705658
18.5333328247
3.8620688915
51.4545440674
5.1999998093
6.4615383148
4.9583334923
20.3500003815
38.2000007629
20.3611106873
25.6875
20.9375
27.3333339691
10.6923074722
5.7209300995
10.957447052
18.25
3.0416667461
24.2105255127
3.0
3.2978723049
5.3125
6.8000001907
3.7000000477
18.7179489136
3.344827652
5.8000001907
4.625
3.3499999046
4.1999998093
6.1875
34.0952377319
14.6818180084
5.5
4.6206898689
1.0
16.1000003815
6.0
9.612903595
9.1499996185
23.117647171
3.7727272511
6.3333334923
15.9750003815
7.1875
7.5555553436
7.5714287758
13.2727270126
3.8181817532
7.8000001907
5.2307691574
5.0625
5.3513512611
11.7307691574
3.8333332539
3.1600000858
2.46875
3.5999999046
4.3589744568
3.2857143879
22.9200000763
43.3636360168
3.344827652
5.8974356651
17.4583339691
6.7878789902
28.3636360168
7.5925927162
2.1818182468
4.675675869
4.8125
5.5
19.8999996185
4.4473686218
13.0588235855
3.5999999046
2.9696969986
8.2857141495
38.7272720337
8.2727270126
9.0416669846
8.25
2.875
9.4137935638
25.6000003815
42.7000007629
26.9090900421
32.0
23.117647171
21.4375
3.3421051502
9.5600004196
5.6999998093
44.0
17.7000007629
42.5999984741
28.8999996185
6.0967741013
21.7142848969
4.7941174507
15.8999996185
24.3636360168
4.4705882072
23.9411773682
8.3888893127
6.7333331108
4.4848484993
6.235294342
7.8888888359
2.3030302525
32.0909080505
3.8235294819
9.7916669846
2.1578948498
2.555555582
43.3846168518
12.7083330154
27.9166660309
2.25
10.2941179276
10.1304349899
16.0588226318
40.2999992371
8.7894735336
8.4615383148
7.7199997902
22.071428299
19.125
2.90625
3.5
3.1290323734
11.2105264664
5.0
24.764705658
2.3636362553
2.3636362553
4.931034565
6.2800002098
24.3571434021
16.0
9.3913040161
36.7000007629
21.3636360168
5.7407407761
18.1333332062
2.0606060028
3.4814815521
5.391304493
12.7857141495
13.9230766296
2.629629612
4.1304349899
1.8181818724
6.8181819916
6.1333332062
22.1818180084
6.1538462639
2.3809523582
3.5294117928
3.6785714626
23.1666660309
5.260869503
30.3846149445
7.25
25.9166660309
9.0769233704
6.0526313782
17.4166660309
7.8928570747
15.3076925278
10.6666669846
32.9090919495
2.4166667461
3.826086998
17.428571701
1.75
5.0833334923
4.9583334923
6.0909090042
9.5
2.0
19.75
2.5416667461
24.8181819916
2.4090909958
11.3529415131
4.9200000763
5.4090909958
4.7857141495
17.8999996185
2.0833332539
16.1538467407
14.5625
25.5454540253
26.0
2.913043499
6.7333331108
8.0
3.8076922894
4.125
8.9130430222
5.7083334923
12.5263156891
8.3157892227
19.0
3.25
5.2777776718
15.1000003815
16.8461532593
2.6800000668
2.2666666508
5.5909090042
17.8125
3.6923077106
26.2727279663
8.571428299
4.8000001907
4.3636364937
12.1904764175
7.652173996
24.7999992371
7.4090909958
3.8333332539
3.0
12.7777776718
11.625
18.6153850555
3.5
28.3999996185
9.8571424484
12.5333337784
6.0666666031
8.75
11.3999996185
3.7826087475
2.9200000763
13.5454549789
14.1999998093
13.1818180084
3.4117646217
5.5999999046
1.5217391253
15.0
1.5625
6.8000001907
4.1538462639
10.5
3.1333334446
4.75
5.1538462639
4.0
2.9411764145
6.5384616852
5.5999999046
2.882352829
12.9166669846
4.5384616852
17.5
5.6111111641
9.1000003815
13.3636360168
5.4375
8.1818180084
3.2777776718
4.7857141495
3.9375
3.3846154213
4.2142858505
4.5333333015
7.0833334923
7.1666665077
1.9166666269
2.7272727489
3.7999999523
1.6363636255
9.6000003815
1.9090908766
3.3636362553
2.8333332539
4.3000001907
1.3076922894
1.7272727489
2.5
2.5
2.4166667461
1.9090908766
42.7272720337
8.4054050446
34.0714302063
11.6666669846
10.6800003052
7.1578946114
9.6999998093
20.4375
19.6666660309
10.3000001907
6.7575759888
15.0555553436
28.4666671753
22.3999996185
10.8157892227
8.8421049118
6.3870968819
8.1875
31.5
4.6956520081
6.0625
45.2142868042
4.6315789223
8.5625
47.0666656494
8.0810813904
15.5
25.2777786255
30.1818180084
12.4545450211
10.9696969986
8.375
5.2727274895
6.173913002
4.2941174507
50.4000015259
10.7777776718
9.2272729874
18.6923084259
12.1999998093
12.1999998093
17.5
21.1875
14.6190471649
9.6999998093
6.4000000954
9.279999733
8.7826089859
25.8461532593
6.7249999046
5.0
19.625
6.629629612
17.5789470673
12.3333330154
4.0
11.0
6.4000000954
9.875
32.5384597778
9.478260994
6.5999999046
10.3000001907
10.2727270126
10.625
7.25
14.3076925278
3.8571429253
16.5909099579
26.6499996185
7.826086998
9.25
12.4399995804
9.8636360168
40.0
6.5357141495
20.9333324432
2.2307691574
17.9629631042
8.5882349014
22.6363639832
14.173913002
11.4210529327
3.5999999046
8.4166669846
26.375
58.2307701111
21.4210529327
9.8400001526
12.2083330154
22.1818180084
42.1666679382
5.25
4.2222223282
4.3181819916
12.8666667938
2.6875
2.8461537361
5.4000000954
10.6999998093
11.928571701
13.6000003815
12.3809528351
8.6923074722
10.1818180084
39.125
28.9090900421
10.8000001907
4.0
6.2692308426
33.2666664124
9.5
9.0
40.1818199158
4.5454545021
10.827586174
40.0
13.8999996185
66.0833358765
31.7894744873
23.7272720337
7.7272725105
8.1111106873
15.6428575516
10.0666666031
8.0
8.4615383148
37.4000015259
3.8125
11.476190567
11.0909090042
20.2800006866
44.0625
32.5
6.7575759888
17.625
1.8999999762
20.2105255127
24.9333324432
7.7692308426
2.5454545021
10.0526313782
6.4285712242
43.7999992371
9.6999998093
7.0909090042
3.2000000477
13.4545450211
16.0
5.8181819916
9.3000001907
15.3333330154
19.5
18.0833339691
14.4117650986
20.1875
2.3636362553
16.9090900421
10.5
11.0
9.3000001907
17.2000007629
13.125
5.9000000954
7.2727274895
9.875
13.0588235855
10.6470584869
13.928571701
10.3529415131
18.0
17.3999996185
17.6153850555
10.25
13.0909090042
10.5
11.5333337784
9.846154213
10.2142858505
10.4545450211
11.0
24.3999996185
27.75
16.3333339691
8.3999996185
8.3999996185
15.428571701
10.75
20.8181819916
8.9230766296
10.1818180084
6.3000001907
6.7857141495
7.8000001907
37.7000007629
5.2142858505
12.8000001907
10.2727270126
6.5833334923
6.1666665077
10.0
15.5
23.2999992371
9.5454549789
8.0
10.3076925278
9.6363639832
12.1818180084
17.7000007629
8.5454549789
8.928571701
15.3846149445
11.0
13.8000001907
29.2999992371
17.9333324432
30.1428565979
26.1333332062
16.2173919678
28.0
26.4444446564
15.7727270126
27.7000007629
20.7999992371
34.25
26.3809528351
19.0
85.3000030518
19.875
38.2142868042
15.2631578445
61.2999992371
33.4000015259
29.6153850555
83.4000015259
69.0
12.1875
32.7000007629
83.6363601685
34.0
48.125
36.235294342
14.764705658
36.1666679382
12.5625
49.8181800842
30.3999996185
26.4666671753
40.5714302063
19.6000003815
17.9090900421
12.8999996185
29.571428299
18.0400009155
21.7000007629
13.6999998093
10.321428299
30.9166660309
34.7142868042
28.25
13.75
27.5454540253
33.944442749
15.0
49.1666679382
57.4285697937
38.8333320618
38.8333320618
18.4444446564
12.0833330154
24.875
27.0
15.1666669846
31.071428299
12.4074077606
18.7619056702
14.1428575516
28.7894744873
50.5
11.2592592239
25.6428565979
27.4166660309
9.0
25.9473686218
23.4074077606
17.7000007629
41.1538467407
33.7999992371
32.8181800842
30.9375
24.2941169739
33.3125
41.2727279663
46.4000015259
35.4166679382
55.1666679382
51.4545440674
8.346154213
11.625
43.9230766296
28.6363639832
48.1818199158
29.882352829
37.2142868042
19.3333339691
14.1999998093
12.0526313782
73.8181838989
30.4375
22.4444446564
11.6666669846
19.1000003815
24.9333324432
20.7727279663
32.25
19.1818180084
22.4166660309
52.25
27.652173996
20.4375
44.7272720337
28.428571701
37.8888893127
13.5555553436
15.6000003815
19.928571701
23.7999992371
24.071428299
27.0
14.8571424484
56.5714302063
36.5
104.0
43.5882339478
43.5882339478
65.0999984741
69.5999984741
33.0769233704
20.0
18.9473686218
29.7692298889
35.7000007629
19.6875
34.2000007629
30.125
15.25
69.25
20.375
20.75
33.2000007629
14.6071424484
36.0714302063
28.7333335876
54.6470603943
67.8181838989
35.25
22.571428299
27.2666664124
15.5
28.5
15.5
49.7999992371
14.8181819916
53.0999984741
19.7272720337
30.6428565979
19.678571701
56.7272720337
29.375
69.6363601685
13.235294342
50.8333320618
76.9000015259
50.0909080505
16.7999992371
12.3599996567
26.6875
59.2999992371
14.3846149445
46.2727279663
59.0999984741
15.7777776718
64.0909118652
38.4210510254
79.3636398315
14.1764707565
23.1428565979
35.5
12.4736843109
47.4545440674
26.2999992371
46.2000007629
13.7894735336
10.6923074722
37.0
11.846154213
23.2000007629
22.2999992371
20.2666664124
30.0833339691
22.6153850555
37.5
65.3000030518
43.6363639832
13.6818180084
23.6000003815
39.1818199158
16.6315784454
52.5999984741
14.7368421555
17.5
25.9166660309
13.8000001907
13.25
44.0909080505
30.9444446564
29.0
40.7272720337
10.428571701
27.0769233704
13.4117650986
19.3076915741
11.6666669846
17.571428299
12.9230766296
15.8999996185
17.5
15.75
25.2000007629
21.3571434021
25.0
26.0
56.3333320618
9.0769233704
14.6153850555
15.0833330154
18.5833339691
8.7333335876
16.0
25.1000003815
26.5
35.4000015259
15.0
17.0909099579
28.8181819916
57.0909080505
22.25
15.5833330154
22.4545459747
33.0999984741
18.8571434021
18.8571434021
14.4166669846
21.6363639832
30.2999992371
24.3999996185
35.2999992371
10.8333330154
12.3636360168
12.7142858505
36.4000015259
23.9090900421
13.6363639832
22.1000003815
22.1818180084
14.153845787
27.9090900421
9.2857141495
15.0
15.0833330154
13.1999998093
14.6000003815
33.7272720337
24.2000007629
30.2142848969
21.0
11.6923074722
24.25
14.6363639832
13.1428575516
10.5333337784
28.0833339691
32.0
6.6428570747
11.8333330154
17.5
19.3076915741
16.3636360168
9.9090909958
31.1666660309
15.3333330154
14.7142858505
13.6000003815
12.846154213
41.2999992371
19.5833339691
21.2727279663
16.0
22.3999996185
23.8181819916
13.8333330154
16.5454540253
14.3333330154
18.0909099579
10.9090909958
12.0909090042
11.1818180084
37.4000015259
15.1000003815
15.1000003815
12.5
9.3999996185
18.3999996185
28.1000003815
9.7272729874
27.7777786255
33.7058830261
7.8499999046
21.5
37.6875
6.6666665077
8.0
13.9130430222
9.3636360168
19.3846149445
11.1599998474
15.4545450211
6.1666665077
28.3529415131
30.5
32.3181800842
6.2727274895
15.1499996185
11.9032258987
19.0
15.0
3.2777776718
14.8965520859
70.9090881348
38.1111106873
5.6153845787
6.8000001907
60.0833320618
9.0434780121
5.5454545021
29.0
52.3076934814
9.8333330154
10.6666669846
19.4615383148
5.3200001717
13.5
10.1363639832
34.055557251
7.5333333015
3.9166667461
6.8095235825
8.4210529327
49.7000007629
6.5263156891
11.6666669846
9.6000003815
20.1818180084
26.3999996185
16.2857151031
16.2857151031
29.9090900421
24.4166660309
11.2307691574
19.2000007629
6.6999998093
13.6999998093
20.0
8.428571701
6.2666668892
11.5833330154
16.2727279663
11.6923074722
