19.1944446564
3.3913042545
4.086956501
5.0
3.7833333015
39.5833320618
3.5428571701
12.2857141495
16.6666660309
2.0909090042
18.6818180084
8.2291669846
2.5999999046
3.1071429253
35.8125
3.78125
2.7999999523
5.8235292435
7.1428570747
5.6666665077
6.1052632332
15.0
5.9200000763
1.9677419662
2.5
3.344827652
17.7222213745
2.0999999046
28.4545459747
2.2142856121
2.0909090042
27.4545459747
2.7333333492
2.875
4.3000001907
2.6400001049
1.3684210777
2.6666667461
2.0399999619
2.2999999523
13.75
9.8181819916
1.538461566
5.1666665077
15.6999998093
4.4615383148
9.5454549789
9.571428299
8.5833330154
15.5789470673
3.1052632332
32.2857131958
5.4545454979
57.6363639832
7.6111111641
8.2727270126
10.5416669846
7.6470589638
6.0
12.1111106873
6.0270271301
30.5384616852
10.235294342
29.5625
6.71875
6.3076925278
7.5999999046
4.1428570747
10.9189186096
15.153845787
18.0588226318
16.875
8.8421049118
12.8125
19.2999992371
7.9000000954
24.0
20.5833339691
15.25
18.0833339691
13.75
13.0
57.0
25.0
52.1818199158
56.4000015259
56.7000007629
17.1428565979
15.8148145676
42.5833320618
35.0
17.0416660309
37.0833320618
19.6153850555
15.428571701
29.571428299
13.8000001907
13.3000001907
11.0
15.0
12.4545450211
16.4545459747
11.4666662216
13.3999996185
7.1333332062
16.4117641449
11.8571424484
13.2727270126
