2.9420289993
36.1428565979
4.1538462639
2.5151515007
3.5857143402
9.3529415131
3.375
4.476190567
24.071428299
3.5636363029
2.5882353783
34.2777786255
7.2162160873
24.0
5.7631578445
6.46875
2.59375
3.7999999523
12.4117650986
11.1000003815
7.3793101311
3.5681817532
12.4358978271
29.7241382599
27.2222213745
14.0
7.521739006
2.2142856121
3.6206896305
7.8421053886
3.7333333492
5.5714287758
16.3846149445
2.1666667461
3.7000000477
3.0740740299
16.0666675568
10.9250001907
3.0833332539
38.9000015259
4.75
1.7200000286
3.4117646217
15.0769233704
6.4090909958
56.4615402222
11.153845787
5.4666666985
9.4250001907
2.6363637447
6.0
9.0769233704
34.0952377319
14.3333330154
3.2352941036
5.2800002098
30.6000003815
4.882352829
54.0909080505
8.153845787
24.2307701111
12.0555553436
12.5454549789
3.0999999046
5.2916665077
30.3888893127
3.9166667461
2.4615385532
21.1666660309
23.1428565979
4.0909090042
13.3529415131
12.9333333969
12.6190471649
4.7666668892
2.71875
4.0
5.8636364937
3.2058823109
14.6923074722
40.0
2.2631578445
3.117647171
4.765431881
9.3333330154
5.0
18.0
6.4583334923
2.3877551556
14.0526313782
9.1666669846
67.7272720337
34.8666648865
42.3333320618
16.571428299
3.1142857075
28.1666660309
4.3125
12.4444446564
2.7999999523
19.8648643494
4.3888888359
6.7636365891
16.9677410126
36.6153831482
11.2857141495
17.8333339691
38.875
62.2000007629
3.254237175
8.9803924561
3.2750000954
16.7333335876
4.1184210777
17.1000003815
4.8014707565
2.4615385532
8.3636360168
3.7272727489
4.0930233002
4.9499998093
25.1538467407
3.9268293381
5.3000001907
4.3768115044
5.5762710571
2.3571429253
22.1875
12.53125
6.4516129494
6.9855070114
3.8793103695
3.185185194
6.9298243523
3.8863637447
28.1499996185
3.9615385532
8.3000001907
10.1875
12.2666664124
4.0999999046
17.7000007629
23.0
36.9285697937
5.7692308426
35.4666671753
4.0263156891
24.3333339691
2.8484847546
1.5
24.8799991608
6.5454545021
12.8857145309
14.2258062363
3.03125
8.8857145309
7.4375
3.555555582
22.2608699799
1.9047619104
8.2857141495
13.0666666031
8.264705658
8.2558135986
15.2307691574
11.5833330154
5.3200001717
5.7857141495
18.7575759888
3.4166667461
11.428571701
21.0625
9.1599998474
9.0384616852
25.428571701
5.1923074722
27.7999992371
18.1499996185
4.1764707565
17.689655304
8.375
4.235294342
13.3333330154
8.3000001907
15.1875
11.2666664124
33.5
16.071428299
15.9677419662
55.7999992371
28.8500003815
2.65625
3.3199999332
5.7777776718
5.5833334923
19.2222213745
9.4250001907
3.9285714626
4.65625
32.3846168518
31.0
21.2941169739
2.5
12.177778244
3.4400000572
2.760869503
4.8461537361
2.6451613903
13.1999998093
7.652173996
19.5384616852
21.1538467407
4.0547943115
3.8888888359
5.7333331108
31.4117641449
11.6000003815
3.0
2.5666666031
8.3043479919
5.3000001907
4.1428570747
7.2564101219
28.428571701
5.4800000191
31.0
14.0769233704
20.8461532593
39.7333335876
20.25
15.8571424484
4.6363635063
2.8888888359
3.6153845787
3.2456140518
7.173913002
3.9701492786
4.6538462639
33.0
14.3703699112
3.6164383888
11.3333330154
18.2333335876
5.4186048508
4.1333332062
7.0535712242
25.5333328247
7.6799998283
16.3600006104
15.6999998093
6.7058825493
6.4603176117
3.6666667461
30.8947372437
3.5625
16.1621627808
30.2941169739
3.9000000954
5.7857141495
16.6666660309
13.0
7.9655170441
8.625
4.8571429253
50.5454559326
30.764705658
3.0769231319
4.4000000954
5.6363635063
43.5999984741
5.7727274895
3.6666667461
11.4545450211
5.6818180084
6.3333334923
2.6428570747
5.8947367668
5.6190476418
7.5999999046
4.0
12.0769233704
5.4210524559
8.3157892227
3.7058823109
7.8636364937
2.7272727489
8.1333332062
23.3999996185
4.1944446564
6.2162160873
4.7333331108
2.6071429253
1.9285714626
7.952381134
2.8421051502
3.6666667461
5.7941174507
3.826086998
1.5
3.7272727489
7.2941174507
3.5476191044
3.125
11.25
6.8235292435
36.0769233704
3.2592592239
5.4411764145
89.1999969482
2.7000000477
4.6999998093
3.9333333969
23.8095245361
6.848484993
12.2857141495
3.6666667461
5.2105264664
31.2857151031
9.2666664124
3.0
4.8918919563
2.4736843109
30.3333339691
21.75
7.4444446564
6.2941174507
4.4146342278
3.0625
4.1707315445
7.1428570747
1.625
4.1388888359
7.5454545021
3.2000000477
24.0769233704
6.0357141495
37.5999984741
3.5384614468
3.347826004
16.2000007629
7.2142858505
20.9090900421
3.5
2.8918919563
0.75
1.5769231319
5.0
19.7333335876
10.523809433
3.8108108044
21.2000007629
29.9090900421
15.2307691574
3.6486487389
3.0625
3.1052632332
5.1875
23.25
5.9444446564
25.2142848969
2.4615385532
6.7777776718
4.8529410362
9.3333330154
4.9411764145
3.185185194
3.1111111641
21.1764698029
6.7931032181
4.0500001907
15.7692308426
3.0833332539
23.6666660309
3.7058823109
4.4193549156
4.5599999428
9.0
4.6538462639
11.0454549789
6.3125
23.7142848969
8.7272729874
4.3333334923
10.1764707565
15.8500003815
6.25
14.3333330154
10.1599998474
4.8461537361
38.0999984741
6.4000000954
4.0
15.5882349014
4.0666666031
17.7999992371
3.6451613903
3.4333333969
6.3200001717
9.0434780121
2.875
4.4705882072
4.476190567
6.2727274895
4.9090909958
23.2727279663
27.7000007629
12.882352829
4.4000000954
13.1666669846
17.3125
14.1666669846
5.8333334923
3.4000000954
2.5185184479
2.25
11.75
3.0499999523
8.4615383148
18.9375
6.047618866
3.0
3.7000000477
7.4117646217
26.6363639832
3.347826004
1.9199999571
4.0
4.8888888359
5.7058825493
6.5999999046
7.0999999046
5.913043499
17.071428299
2.0
4.4285712242
1.75
7.1052632332
4.2272725105
15.3571424484
13.071428299
2.7142856121
6.0
5.1304349899
4.8571429253
2.2962963581
44.9090919495
3.2916667461
10.25
4.6666665077
4.5294117928
25.6000003815
6.8181819916
3.2692308426
3.1935484409
11.2105264664
5.3043479919
5.2857141495
9.4736843109
2.0476191044
10.1333332062
4.9583334923
16.3076915741
2.4285714626
3.5384614468
4.0714287758
4.391304493
11.117647171
11.5
9.0
1.75
4.6500000954
4.764705658
17.3999996185
4.9230771065
4.7826085091
5.4000000954
2.9166667461
2.3076922894
33.3636360168
14.5
5.1363635063
8.4210529327
4.8125
22.8999996185
19.4545459747
14.153845787
4.8947367668
2.8666665554
6.478260994
16.1333332062
3.9000000954
19.6363639832
6.0666666031
5.8000001907
5.1428570747
8.7368421555
18.6923084259
2.1428570747
3.5454545021
2.7727272511
3.2083332539
4.9473686218
5.5625
5.0
15.6153850555
5.1764707565
4.7727274895
3.4210526943
3.6666667461
7.1428570747
10.7272729874
6.3333334923
3.9000000954
3.0666666031
3.2307691574
2.0
3.75
4.7692308426
15.8000001907
2.1764705181
2.944444418
6.0588235855
2.75
4.2941174507
8.6666669846
10.0909090042
3.7368421555
5.0666666031
2.0
8.3846149445
6.3076925278
4.7692308426
2.2727272511
6.0714287758
3.5714285374
4.8000001907
5.6923074722
4.0666666031
6.0625
24.071428299
8.0
3.0714285374
4.9375
13.6000003815
4.1666665077
3.4545454979
2.9166667461
9.0
4.2727274895
5.4333333969
3.7857143879
2.5833332539
4.1818180084
3.2999999523
3.9090909958
3.6363637447
1.6428571939
3.8181817532
9.25
9.3076925278
8.0416669846
12.5454549789
3.3571429253
19.3636360168
27.25
20.7857151031
9.7857141495
8.7272729874
16.6111106873
26.5833339691
9.3714284897
5.8181819916
17.047618866
9.5862064362
12.75
22.8333339691
47.9000015259
14.0
33.1666679382
10.7826089859
8.8333330154
9.7837839127
6.1428570747
2.8181817532
15.5454549789
15.652173996
23.7142848969
39.6315803528
18.1304340363
26.4615383148
10.0
41.2727279663
23.6470584869
10.1333332062
10.3333330154
14.1052627563
13.8666667938
4.6999998093
10.4090909958
2.4666666985
5.9600000381
15.6666669846
9.6666669846
40.5714302063
10.173913002
33.625
9.6999998093
20.2000007629
9.3913040161
11.7368421555
7.6500000954
9.75
10.0909090042
7.5999999046
4.1666665077
7.0
11.0
34.8636360168
31.0909099579
18.354839325
9.1764707565
4.8333334923
14.2727270126
9.0416669846
26.5454540253
55.9285697937
49.0
25.2999992371
12.0555553436
15.4375
12.173913002
7.75
16.1153850555
16.6363639832
16.7999992371
6.6799998283
3.2307691574
17.2777786255
22.8421058655
7.6999998093
16.6499996185
11.8181819916
19.2105255127
15.9166669846
7.9411764145
26.9166660309
11.8181819916
59.2999992371
16.3333339691
7.7222223282
23.117647171
9.2432432175
6.6363635063
12.0
8.4705886841
10.1000003815
8.0869569778
10.0909090042
8.478260994
24.6153850555
27.6428565979
35.1904754639
8.1818180084
9.1499996185
11.346154213
5.3055553436
16.7241382599
19.4500007629
16.1333332062
74.5454559326
46.0769233704
6.4545454979
6.7058825493
9.571428299
45.9166679382
12.6923074722
18.0625
21.8076915741
41.2307701111
9.653845787
14.5454549789
24.7333335876
26.3333339691
28.2962970734
58.5999984741
37.25
14.826086998
20.7857151031
23.0588226318
18.8181819916
20.0
5.3125
8.5263156891
17.7333335876
11.4615383148
10.5454549789
32.9000015259
12.5862064362
27.8999996185
12.5555553436
26.1666660309
2.7999999523
34.7692298889
18.2000007629
38.2999992371
10.7894735336
11.1666669846
12.0588235855
16.8421058655
9.0967741013
47.0833320618
16.0
12.0
3.7333333492
9.15625
32.8333320618
7.3888888359
14.476190567
8.7931032181
12.5454549789
25.4090900421
11.346154213
14.7619047165
9.625
12.1363639832
22.117647171
34.2142868042
23.9375
4.6428570747
15.0
31.928571701
5.1153845787
11.5263156891
10.6666669846
24.5499992371
45.0
14.571428299
4.5
6.6585364342
40.9000015259
4.8571429253
6.6153845787
32.5384597778
26.9473686218
18.5625
12.3000001907
31.0
36.3529396057
6.0
22.6842098236
26.1499996185
8.6499996185
14.65625
33.0
11.0454549789
6.2631578445
8.153845787
20.7999992371
4.0
11.8999996185
17.5454540253
21.7999992371
15.3846149445
19.0
14.6666669846
12.7037038803
30.9090900421
16.9583339691
21.1428565979
10.5
45.0999984741
12.7333335876
17.6000003815
9.7857141495
2.4285714626
61.2142868042
2.6363637447
26.1538467407
13.6000003815
0.8181818128
65.1999969482
5.5833334923
13.7307691574
13.25
4.4545454979
36.125
3.0
16.3125
10.5833330154
28.9166660309
48.4705886841
14.2307691574
10.8571424484
8.071428299
37.4545440674
10.6111106873
3.7142856121
18.0
40.0999984741
14.2307691574
38.2000007629
9.3571424484
17.75
9.3157892227
14.0666666031
25.3636360168
20.2000007629
16.8571434021
13.117647171
11.7142858505
7.2727274895
32.5
27.5
10.3333330154
10.235294342
15.4545450211
10.1666669846
15.071428299
12.7333335876
7.2777776718
19.1000003815
17.0
28.2727279663
16.428571701
10.7857141495
32.6363639832
10.9333333969
19.7692298889
12.8333330154
24.25
22.3636360168
14.1000003815
27.0
9.6923074722
14.1818180084
21.8333339691
15.153845787
10.4615383148
13.9166669846
11.0
10.4615383148
12.0
7.5
6.5
21.0909099579
10.7272729874
10.6363639832
11.6000003815
12.8000001907
12.0
9.3333330154
9.5
26.0
10.0909090042
6.5454545021
11.0
5.2727274895
10.8000001907
18.7000007629
16.8999996185
14.6999998093
8.0
12.1666669846
15.4166669846
11.8000001907
10.6000003815
10.3846149445
15.8999996185
12.6999998093
23.5294113159
49.2999992371
35.125
38.1818199158
39.6153831482
23.1578941345
16.375
21.3999996185
50.5833320618
58.25
21.25
29.1111106873
41.0909080505
82.3000030518
33.7000007629
23.3684215546
35.5
47.7999992371
29.2999992371
28.1000003815
53.2999992371
45.8571434021
16.2000007629
38.3571434021
55.5
36.8666648865
32.4761886597
71.7272720337
46.2000007629
14.952381134
64.2727279663
61.2999992371
21.1000003815
49.2999992371
30.8125
27.7000007629
21.8947372437
14.846154213
57.7272720337
22.1000003815
8.4117650986
20.9090900421
81.1818161011
17.7999992371
30.0
17.8500003815
18.3999996185
52.5999984741
24.6363639832
14.5454549789
12.8999996185
44.875
27.8181819916
24.0
36.6666679382
68.0
16.8999996185
38.684211731
8.1000003815
28.1363639832
79.0
41.5
48.0
46.5
48.9230766296
32.0833320618
60.9000015259
22.6000003815
30.1499996185
18.2999992371
41.2000007629
56.5333328247
9.5555553436
35.4000015259
20.3809528351
28.6666660309
46.9090919495
42.5
55.4000015259
17.8333339691
44.3636360168
34.5999984741
27.5833339691
25.1666660309
24.3999996185
20.3600006104
18.0
18.5
43.3333320618
15.0
18.9130439758
60.2000007629
41.0
40.9000015259
64.6999969482
51.0909080505
16.25
51.9090919495
26.25
20.2631587982
28.4090900421
43.7692298889
31.1666660309
25.3913040161
62.2727279663
51.0
34.6923065186
53.7142868042
29.1578941345
43.0714302063
32.0625
23.8260860443
36.9230766296
22.2307701111
17.071428299
22.1764698029
28.25
40.4000015259
73.9090881348
47.0999984741
27.0
21.6000003815
80.7272720337
30.0
19.764705658
50.7857131958
31.4166660309
25.2727279663
33.75
17.5
24.882352829
24.8421058655
52.1428565979
14.428571701
25.6000003815
49.2857131958
20.523809433
59.6428565979
27.5333328247
30.8461532593
84.0999984741
31.1666660309
47.6363639832
30.875
23.4444446564
34.5333328247
18.2777786255
31.625
14.6956520081
35.0
10.7058820724
25.3333339691
22.3076915741
45.2727279663
28.7368412018
69.1818161011
15.0322580338
48.0
31.1538467407
42.0
30.0
46.4666671753
24.6818180084
31.6363639832
30.235294342
18.0
18.5454540253
73.3636398315
51.75
68.6923065186
47.8333320618
31.0
33.0625
27.8571434021
48.4166679382
82.0
25.1818180084
67.1818161011
18.4799995422
13.3333330154
27.1428565979
46.5999984741
22.7000007629
13.2727270126
15.1000003815
11.7272729874
14.0666666031
41.5833320618
36.25
42.4000015259
44.4000015259
42.7000007629
19.1875
14.0
17.875
21.8666667938
30.5384616852
11.5
29.75
42.7272720337
62.2727279663
34.2000007629
34.5
12.75
13.8125
15.625
26.0769233704
13.764705658
12.6666669846
30.8333339691
28.5454540253
23.1818180084
29.4166660309
22.2999992371
11.125
26.4545459747
12.571428299
16.0
26.0
18.6666660309
9.4705886841
26.0833339691
64.8000030518
27.1666660309
21.5
21.4166660309
21.2857151031
21.0
16.1818180084
24.7058830261
20.1333332062
11.7333335876
16.5833339691
16.3333339691
29.0666675568
16.5
13.7272729874
32.4000015259
12.0909090042
15.9166669846
17.2857151031
15.9090909958
11.4545450211
14.0
13.3333330154
13.2307691574
13.0909090042
14.4545450211
15.3000001907
22.0
21.5
20.0666675568
31.2000007629
18.2999992371
26.9090900421
41.9230766296
16.8181819916
9.0
15.3000001907
17.1818180084
14.75
14.5
24.1000003815
18.3999996185
53.5999984741
20.0
16.1000003815
11.0833330154
60.7999992371
13.9090909958
19.8181819916
21.5454540253
8.4615383148
13.9166669846
11.2727270126
13.7272729874
31.9090900421
13.5
14.25
4.25
33.0909080505
25.2999992371
3.7000000477
25.1333332062
2.3333332539
11.1818180084
13.0740737915
10.25
37.3333320618
12.375
11.2142858505
10.5454549789
9.8000001907
22.7199993134
6.9696969986
14.4117650986
10.6999998093
6.9166665077
12.1000003815
18.5
16.6666660309
13.7241382599
1.3636363745
8.4705886841
8.5555553436
7.3333334923
10.3333330154
