2.2000000477
19.7142848969
31.8461532593
37.1176452637
23.6428565979
9.0
16.571428299
14.5555553436
2.0851063728
23.8095245361
3.3877551556
11.9444446564
2.90625
2.5714285374
8.9230766296
11.0
3.5609755516
3.5999999046
9.3571424484
2.9016394615
2.4615385532
32.0
7.0294117928
4.3150687218
21.7307701111
27.125
5.1639342308
47.7272720337
10.5625
12.3333330154
6.5714287758
6.6666665077
3.8499999046
2.7916667461
4.2222223282
9.3333330154
2.6206896305
1.6774193048
6.2285714149
23.1818180084
6.0344829559
4.4444446564
4.3684210777
5.8000001907
3.0909090042
27.3636360168
4.0
4.1538462639
2.5428571701
6.7142858505
11.3529415131
5.0526313782
11.4375
6.3636364937
3.5
5.0
3.75
4.047618866
3.173913002
8.1428575516
10.3636360168
1.7857142687
1.0769231319
19.0666675568
35.5999984741
31.1578941345
12.8064517975
34.1666679382
15.153845787
8.4347829819
10.9166669846
18.6666660309
9.117647171
6.6923074722
14.1818180084
32.2999992371
11.6666669846
14.4705886841
11.3529415131
9.9411764145
67.0999984741
51.2307701111
30.2666664124
15.347826004
26.2272720337
15.8888893127
14.0370368958
17.3999996185
20.0555553436
47.0625
31.6190471649
38.0999984741
11.8947372437
38.6363639832
16.7333335876
16.1111106873
13.1999998093
36.3076934814
14.0
10.5
6.75
6.5
14.8181819916
10.6000003815
