14.8846149445
6.8947367668
13.4615383148
13.6000003815
4.3396224976
2.434782505
5.0833334923
2.5714285374
8.75
3.3548386097
7.5128207207
3.2400000095
3.7857143879
3.5384614468
49.9166679382
14.2857141495
6.826086998
3.3636362553
63.4545440674
2.586206913
4.0
3.1428570747
19.8095245361
5.0
3.9523808956
10.4545450211
3.375
5.2619047165
18.8421058655
2.3571429253
2.1666667461
26.6666660309
19.928571701
3.5625
4.9000000954
3.7200000286
3.9629628658
3.0
6.6818180084
13.0909090042
10.3333330154
4.4074072838
5.8333334923
4.7692308426
5.952381134
3.0999999046
4.608695507
7.4705882072
7.2666668892
3.6923077106
9.3846149445
1.6111111641
7.0999999046
1.5833333731
4.0
1.8461538553
11.5625
59.5833320618
5.6666665077
22.0
13.75
17.2999992371
9.4166669846
17.3636360168
29.8999996185
67.3636398315
22.7692298889
10.0
20.5
18.7000007629
8.0833330154
5.2727274895
3.3636362553
24.8333339691
9.125
23.4166660309
11.0
14.0
13.8999996185
6.4166665077
11.3999996185
4.8333334923
11.3076925278
16.8999996185
21.2222213745
44.6666679382
16.8999996185
31.5
18.5
15.6111106873
18.9444446564
21.0
35.555557251
27.875
16.2000007629
27.6875
13.0
16.8333339691
15.3846149445
7.5999999046
16.5454540253
