11.4193544388
29.9333324432
15.0571432114
37.625
3.2727272511
9.5490198135
27.8181819916
35.0
4.5999999046
7.5999999046
3.0731706619
4.3529410362
5.0799999237
2.9615385532
4.1999998093
6.7460317612
20.0625
8.1000003815
3.5333333015
4.1964287758
28.117647171
12.9117650986
3.9642856121
22.7142848969
11.8666667938
4.4126982689
12.9354839325
8.3999996185
4.1212120056
18.75
6.9090909958
3.1600000858
24.0
3.4666666985
3.5526316166
4.5675673485
5.8214287758
3.25
5.0454545021
7.4000000954
8.0909090042
5.0
7.0
6.5833334923
7.521739006
7.1111111641
7.8666667938
3.2857143879
3.3333332539
4.9166665077
4.7857141495
2.9230768681
4.5833334923
20.4375
10.4499998093
10.0909090042
6.5769228935
2.0
7.5
10.8695650101
52.7692298889
9.125
7.5999999046
8.2962961197
27.0769233704
6.6666665077
35.2307701111
5.4166665077
14.5789470673
34.3636360168
26.6000003815
12.2727270126
9.1666669846
34.25
21.8125
23.0799999237
25.428571701
52.75
18.6666660309
44.0
64.9000015259
37.5454559326
30.0
17.1428565979
28.2666664124
61.2000007629
86.1999969482
45.5
21.5
16.1666660309
89.4545440674
39.2000007629
19.2999992371
53.7999992371
15.1999998093
10.3333330154
24.5625
37.2727279663
40.7272720337
27.1000003815
13.6363639832
12.6666669846
12.2666664124
30.2727279663
16.6000003815
7.8499999046
27.8888893127
7.3214287758
8.8666667938
18.7222213745
16.1428565979
