14.21875
15.0571432114
4.3137254715
2.7307691574
5.1935482025
5.25
39.7999992371
4.5384616852
11.5
5.0714287758
16.75
12.0571432114
22.8666667938
2.6800000668
14.1153850555
2.7272727489
7.2631578445
4.2407407761
34.3333320618
33.3333320618
32.5384597778
6.5964913368
4.3833332062
3.4166667461
5.3076925278
11.0
21.1333332062
4.6666665077
2.4166667461
56.5454559326
5.1875
11.5555553436
14.6800003052
14.6666669846
6.875
19.5789470673
4.0
6.827586174
3.3666665554
25.0
32.0
6.434782505
5.4285712242
10.8571424484
13.9130430222
17.7000007629
3.9600000381
19.0
8.3333330154
7.5625
16.8421058655
41.2857131958
7.4857144356
14.173913002
17.6363639832
11.928571701
30.071428299
4.4210524559
12.071428299
20.2800006866
15.1052627563
25.3846149445
10.0526313782
17.0
5.0
12.2222223282
38.0
11.7857141495
8.8181819916
8.5454549789
6.4000000954
19.1052627563
11.4166669846
17.1304340363
22.2000007629
24.9166660309
12.5
27.4444446564
64.9000015259
14.5454549789
28.0
26.3913040161
13.9090909958
15.6000003815
36.4285697937
84.9000015259
36.0714302063
28.476190567
23.1538467407
15.7777776718
30.8999996185
19.3157901764
13.7894735336
18.1428565979
13.523809433
27.3333339691
21.6666660309
16.4545459747
22.9230766296
32.5384597778
9.9090909958
15.8999996185
9.3999996185
14.1153850555
7.3461537361
9.2142858505
2.9500000477
14.0666666031
13.0
