2.5
13.2083330154
8.764705658
21.3333339691
3.0344827175
5.4285712242
7.3488373756
2.7200000286
8.9411764145
5.3600001335
5.0384616852
4.0
11.2222223282
15.7575759888
5.0999999046
4.189655304
6.6363635063
3.9487178326
5.4864864349
5.0952382088
3.5
2.8125
15.3636360168
2.4117646217
5.4666666985
23.0
7.5999999046
51.9166679382
26.3125
2.3461537361
8.1052627563
7.652173996
2.8888888359
4.391304493
2.75
3.6875
10.1578950882
4.6999998093
8.7619047165
7.8125
3.5454545021
3.8888888359
12.3125
30.1333332062
7.5
1.9090908766
8.5
7.5714287758
28.5333328247
25.1111106873
29.1538467407
7.0
8.5
7.0
17.2916660309
10.5
7.7272725105
17.2666664124
20.125
22.6153850555
7.5599999428
15.1333332062
13.6111106873
2.75
7.2307691574
9.6923074722
5.9428572655
39.8823547363
24.75
47.2727279663
8.7931032181
6.1818180084
2.5833332539
10.1818180084
7.5384616852
3.4166667461
6.4166665077
2.7999999523
5.0
4.5454545021
40.3846168518
11.8888893127
19.2857151031
13.875
46.0999984741
46.5454559326
15.8000001907
75.5999984741
46.4166679382
19.1000003815
46.1818199158
12.8800001144
19.7000007629
15.4799995422
18.0526313782
15.0
21.9090900421
39.3333320618
13.8999996185
7.9375
