2.9166667461
1.84375
22.3181819916
3.413793087
3.6842105389
21.6363639832
1.9230768681
46.6666679382
18.1923084259
5.8095235825
5.047618866
3.6779661179
8.0681819916
2.7037036419
2.2999999523
12.102563858
22.7857151031
16.8275871277
25.3846149445
2.6785714626
7.3000001907
5.2857141495
3.8888888359
11.1935482025
3.0833332539
7.6153845787
2.210526228
2.344827652
6.2380952835
3.185185194
3.068965435
2.8333332539
14.1428575516
14.7142858505
2.5142858028
2.882352829
3.6666667461
4.9000000954
3.1153845787
3.3599998951
2.758620739
1.6428571939
3.1071429253
7.8333334923
2.5625
8.1999998093
2.8571429253
8.0
6.0833334923
6.75
5.6500000954
3.0999999046
2.6666667461
2.6190476418
4.1333332062
8.5384616852
5.3636364937
7.4705882072
5.1666665077
1.8461538553
2.4545454979
5.0999999046
59.5833320618
10.9032258987
14.6923074722
2.4000000954
13.1999998093
9.6818180084
8.870967865
9.3999996185
19.2000007629
7.8947367668
14.928571701
20.3125
2.0909090042
23.6363639832
9.2727270126
9.125
15.6428575516
15.5
12.6666669846
10.0
8.9166669846
21.9090900421
8.4615383148
5.8461537361
44.6666679382
30.7222213745
37.4545440674
64.5
27.5384616852
17.4666671753
98.0
24.5454540253
45.5833320618
54.8181800842
24.8181819916
19.0666675568
10.0666666031
21.0
33.2000007629
35.0666656494
14.4166669846
22.0909099579
11.4615383148
14.9166669846
11.5
16.5454540253
