7.6111111641
63.2999992371
13.0909090042
26.0833339691
3.5409836769
12.4166669846
5.7407407761
3.9183673859
3.125
4.0735292435
39.6923065186
2.0
33.2272720337
19.2857151031
9.4358978271
19.9545459747
16.6875
2.9629628658
4.3157896996
5.6399998665
9.8611106873
6.6666665077
11.5416669846
2.90625
4.0999999046
3.8333332539
16.3999996185
8.0645160675
6.8611111641
2.5813953876
31.5
6.5454545021
7.3333334923
6.0
2.565217495
32.7999992371
3.5
10.6666669846
28.4545459747
1.413793087
8.3684206009
3.0
4.9285712242
2.3636362553
4.0
4.6363635063
6.5
5.4000000954
14.6999998093
4.1999998093
3.1818182468
5.4166665077
7.8181819916
10.3000001907
10.3000001907
9.2758617401
30.6000003815
9.6999998093
14.0384616852
7.1999998093
9.8000001907
27.25
9.0666666031
8.6666669846
7.125
13.1904764175
25.25
5.8181819916
18.4444446564
12.2941179276
15.6999998093
37.5
11.3000001907
17.3999996185
17.7000007629
26.0
10.7692308426
10.375
35.5499992371
40.7692298889
48.8181800842
48.4000015259
49.7000007629
17.8999996185
37.8235282898
43.2727279663
32.4166679382
31.6666660309
42.2999992371
11.6363639832
26.7000007629
19.5
11.1666669846
14.0909090042
25.1000003815
6.8000001907
17.1818180084
15.6000003815
9.1666669846
10.1818180084
19.6153850555
5.3181819916
11.2857141495
14.8181819916
3.875
