5.3636364937
16.6764698029
2.482758522
4.0727272034
3.9047617912
23.6666660309
3.5769231319
8.75
4.4814815521
18.2857151031
2.555555582
5.1999998093
20.117647171
3.5
20.375
30.8181819916
4.0740742683
5.4242424965
3.4464285374
3.2000000477
21.0645160675
50.6666679382
3.2765958309
2.4390244484
8.3846149445
11.347826004
3.3142857552
2.6666667461
4.0555553436
4.103448391
9.0588235855
3.5833332539
8.0
6.8000001907
2.0833332539
3.0384614468
26.6000003815
2.7999999523
3.7333333492
3.0399999619
3.1578948498
2.9000000954
5.2962961197
2.0740740299
15.7692308426
4.3076925278
5.4000000954
10.9333333969
9.5
6.7692308426
1.9375
13.6363639832
5.6428570747
5.3333334923
2.0
3.3499999046
3.8666665554
5.2307691574
2.7000000477
1.7000000477
2.3571429253
9.0
2.7272727489
26.5333328247
10.1818180084
6.8333334923
8.5161294937
12.8666667938
28.8571434021
7.8666667938
16.875
6.0
9.3888893127
14.928571701
7.7777776718
20.6800003052
8.3636360168
24.5
15.0769233704
12.8666667938
10.5333337784
16.0
10.2142858505
17.0
9.9166669846
15.75
31.9230766296
15.4499998093
16.7000007629
36.5238113403
40.4615402222
49.2142868042
29.7333335876
36.3333320618
27.8999996185
14.8333330154
32.7692298889
24.1000003815
13.3125
13.9166669846
12.3333330154
33.4285697937
13.0
19.0909099579
15.25
12.8000001907
17.6363639832
17.4166660309
9.8000001907
35.9090919495
8.6956520081
8.428571701
6.8181819916
