5.2800002098
5.9400000572
3.789473772
3.586206913
57.6923065186
36.8235282898
8.2195119858
5.0
3.3095238209
4.6538462639
3.2400000095
3.3921568394
7.1818180084
3.2068965435
12.1999998093
2.8928570747
4.4615383148
15.9444446564
3.6363637447
6.9499998093
8.928571701
11.1935482025
3.4615385532
13.3255815506
4.117647171
3.6470587254
3.2000000477
22.4166660309
7.2666668892
2.1764705181
1.461538434
2.5999999046
3.2142856121
2.586206913
13.6086959839
2.4545454979
4.7142858505
3.7142856121
19.1666660309
2.5999999046
4.3846154213
12.7272729874
3.9230768681
2.476190567
4.1818180084
12.4444446564
2.5909090042
3.2692308426
2.5789473057
8.6499996185
7.8499999046
15.0
5.347826004
9.0909090042
2.4615385532
7.9411764145
11.2857141495
7.2142858505
2.8333332539
4.3571429253
2.5999999046
6.1875
2.0666666031
3.2142856121
1.7000000477
27.6000003815
11.0
5.6666665077
29.2142848969
8.4545450211
16.6923084259
10.1199998856
10.3333330154
12.952381134
22.7692298889
25.2272720337
13.2083330154
10.0
18.2857151031
4.0769228935
41.2142868042
18.4166660309
6.0
13.6666669846
23.0
11.1818180084
9.0
17.7999992371
13.6666669846
12.846154213
16.8999996185
8.0909090042
24.0
30.0588226318
17.476190567
24.6923084259
14.652173996
28.4117641449
23.0
33.3125
18.5
46.4545440674
29.8695659637
14.2608699799
54.8181800842
30.8999996185
18.1818180084
19.3076915741
11.75
15.8999996185
21.3999996185
28.2000007629
14.1818180084
