67.9166641235
3.1020407677
20.1875
16.851852417
5.8235292435
20.8285713196
10.071428299
9.9583330154
4.9074072838
4.0357141495
5.3846154213
4.5428571701
4.5
7.051281929
3.9090909958
27.0
16.8333339691
4.0999999046
8.571428299
9.5416669846
3.2999999523
5.6744184494
5.6999998093
11.321428299
13.8095235825
3.2307691574
4.4642858505
3.7241380215
5.7083334923
7.7727274895
21.625
15.7567567825
23.3461532593
12.3666667938
18.6315784454
6.5744681358
9.235294342
17.8965511322
2.1333334446
2.6451613903
7.5
8.0769233704
3.8571429253
1.7727272511
33.6470603943
19.3333339691
3.0
31.3333339691
24.3529415131
7.0909090042
44.4166679382
5.4166665077
5.7333331108
10.0869569778
23.5555553436
3.5606060028
29.2272720337
6.2727274895
4.235294342
28.2777786255
18.764705658
6.952381134
10.7142858505
4.4814815521
3.8245613575
84.75
7.3902440071
7.6315789223
20.2000007629
2.931034565
5.2028985023
9.3170728683
5.2888889313
11.53125
9.1282052994
5.2692308426
4.2666668892
11.2424240112
17.9545459747
12.071428299
5.5294117928
11.4666662216
18.5862064362
4.117647171
9.0263156891
19.148147583
12.8571424484
29.6800003052
3.0
7.1538462639
4.1818180084
4.1666665077
27.8181819916
17.4666671753
5.2295084
5.1578946114
3.6071429253
16.0
4.1147542
5.1666665077
9.15625
8.4615383148
6.9499998093
4.7045454979
19.1200008392
6.8461537361
53.7999992371
23.3043479919
2.7999999523
5.1818180084
8.4651165009
5.70175457
9.8163261414
5.478260994
7.5294117928
4.7884616852
31.6000003815
4.4000000954
2.444444418
21.9090900421
25.7999992371
13.2307691574
4.1363635063
13.46875
16.0526313782
3.6538462639
26.7000007629
3.2142856121
38.4000015259
27.1599998474
6.0
3.0370371342
15.0909090042
10.9375
6.4444446564
10.8571424484
13.8333330154
29.4666671753
4.8636364937
19.5263156891
9.4117650986
3.6666667461
18.2999992371
9.1999998093
6.0357141495
2.2142856121
11.6750001907
6.1999998093
3.4848484993
6.0625
4.4516129494
5.0500001907
19.1935482025
10.625
13.8695650101
5.5681819916
5.7777776718
16.4545459747
3.0
11.9591836929
4.7058825493
4.0465116501
4.0740742683
23.8076915741
13.4137935638
2.2333333492
8.6923074722
31.0
2.7090909481
3.7428572178
16.9696960449
4.434782505
13.3428573608
47.1666679382
4.9615383148
5.5531916618
25.7272720337
9.3636360168
8.7428569794
5.1052632332
17.2399997711
14.3529415131
3.4500000477
22.5454540253
8.8139533997
3.2142856121
4.3018865585
41.315788269
4.0769228935
29.3571434021
14.4545450211
7.7894735336
9.5116281509
4.0
2.9166667461
37.4285697937
3.896551609
17.8181819916
9.8076925278
3.0
7.2820510864
22.2999992371
5.3846154213
6.0526313782
3.75
4.1923074722
14.6060609818
4.2075471878
24.6538467407
38.1875
14.0
8.0588235855
1.7037037611
26.0
6.0
16.1333332062
15.3846149445
11.0833330154
2.1818182468
6.0555553436
17.875
3.9545454979
7.8400001526
2.6428570747
5.25
20.7391300201
36.4285697937
3.4615385532
8.6400003433
25.1599998474
12.0833330154
16.2666664124
8.0434780121
6.0625
3.5
4.1343283653
4.7272725105
6.0
14.1999998093
2.6842105389
7.5471696854
4.3571429253
15.0909090042
3.5454545021
8.3846149445
6.6785712242
2.9333333969
3.0
4.25
6.8235292435
7.8571429253
9.7777776718
4.7692308426
6.4000000954
20.7894744873
14.5454549789
2.8333332539
5.625
6.882352829
4.3461537361
1.84375
27.0666675568
2.5217392445
3.0222222805
2.2666666508
18.75
5.5
23.74193573
4.5714287758
9.1111106873
3.5333333015
30.1538467407
4.4285712242
5.517241478
10.3181819916
9.46875
4.3777775764
21.5652179718
2.4166667461
3.5161290169
6.9200000763
8.0
5.536585331
4.3414635658
4.5
4.5
11.6470584869
31.2857151031
22.875
27.0
32.0454559326
6.5897436142
21.0
3.3076922894
1.6399999857
6.8095235825
3.6500000954
23.1538467407
13.321428299
1.8999999762
6.7142858505
3.1538462639
19.7142848969
2.444444418
5.0384616852
52.5
11.1818180084
3.9545454979
10.2142858505
10.1851854324
11.5454549789
12.5
40.3333320618
29.9375
2.2307691574
14.4074077606
30.25
4.3461537361
4.3636364937
4.375
29.428571701
36.0
3.7857143879
14.4499998093
5.8333334923
20.1818180084
6.8888888359
11.9090909958
4.0
16.2000007629
3.5384614468
3.2400000095
3.75
26.0909099579
4.051281929
4.3571429253
3.9473683834
2.5416667461
3.8484847546
39.0909080505
41.7272720337
30.5833339691
12.882352829
4.4857144356
5.0799999237
7.8400001526
16.5
16.4210529327
14.0500001907
4.4117646217
20.0909099579
8.2692308426
7.03125
5.7142858505
11.9090909958
3.565217495
2.289473772
35.0909080505
7.9499998093
4.6923074722
5.0322580338
22.5454540253
7.5
9.0
4.9230771065
2.4864864349
2.9117646217
29.2307701111
4.59375
12.2857141495
4.3600001335
6.8666667938
24.3529415131
12.4166669846
14.5263156891
23.4545459747
3.9354839325
8.5
5.8571429253
22.4615383148
6.2399997711
7.0909090042
21.5
7.4615383148
2.8333332539
4.6774191856
18.5
17.9444446564
7.4285712242
3.7999999523
25.3846149445
6.7142858505
4.6071429253
3.827586174
5.3600001335
2.6666667461
3.1333334446
4.1999998093
4.3043479919
18.1000003815
1.9230768681
8.0
3.0
2.0588235855
37.5
5.5909090042
1.8400000334
2.6785714626
13.8000001907
10.2941179276
4.652173996
4.3846154213
2.5999999046
3.7083332539
8.6190471649
31.8999996185
1.8125
14.9333333969
12.5
3.7999999523
5.9565215111
6.2307691574
2.5769231319
16.7333335876
10.571428299
8.2857141495
30.8999996185
2.9090909958
2.5909090042
14.0
4.1199998856
26.4545459747
13.0555553436
12.625
3.8666665554
8.4090909958
21.7272720337
7.9473686218
3.3199999332
3.2222223282
5.3529410362
10.0
29.2999992371
3.2692308426
5.3125
8.5
2.6896550655
5.0
4.2142858505
7.6666665077
13.4375
4.086956501
17.5384616852
3.3888888359
5.2380952835
4.5384616852
3.555555582
1.3076922894
5.523809433
4.4210524559
3.4545454979
5.5999999046
30.25
6.1538462639
2.71875
5.1428570747
7.3636364937
4.6999998093
5.4666666985
4.5
1.5652173758
3.0454545021
14.7333335876
5.0952382088
5.1538462639
5.1500000954
9.0
6.4000000954
11.7272729874
3.5769231319
10.5555553436
23.2999992371
17.0
14.0625
9.4444446564
3.5599999428
8.9375
5.0
9.6666669846
5.8125
9.1999998093
1.3529411554
10.3846149445
7.25
8.571428299
2.1818182468
4.2666668892
6.3333334923
4.7333331108
9.0
4.0666666031
8.3636360168
8.3999996185
4.0833334923
4.0
4.1538462639
3.0
6.5833334923
3.2142856121
8.75
4.8571429253
3.1818182468
7.0
5.3846154213
3.0
5.2727274895
5.2142858505
3.0625
10.1666669846
3.5714285374
2.555555582
8.5454549789
12.153845787
4.9285712242
15.8999996185
5.2777776718
4.3125
11.8999996185
2.9000000954
5.2307691574
1.0
3.0909090042
3.6428570747
3.6923077106
3.0909090042
5.1818180084
8.5384616852
2.7000000477
3.75
2.6470587254
5.4166665077
7.3636364937
2.4545454979
3.0
20.5454540253
6.0
2.0999999046
3.4545454979
2.4166667461
39.3333320618
16.571428299
32.0769233704
32.5454559326
39.7692298889
18.4375
26.7222213745
10.0740737915
6.0
10.4545450211
10.826086998
7.1818180084
5.7619047165
5.2777776718
6.3125
28.6315784454
2.9166667461
24.047618866
12.5652170181
4.9000000954
18.7999992371
10.6363639832
10.9090909958
6.5
12.1000003815
33.3846168518
7.9393939972
40.0
18.8095245361
63.7000007629
2.9000000954
32.125
9.4499998093
4.7368421555
6.3076925278
9.4736843109
10.7894735336
21.9473686218
26.7999992371
35.6363639832
17.2000007629
11.8181819916
30.7000007629
11.7142858505
9.5862064362
9.3043479919
17.6363639832
1.5
4.2727274895
6.3636364937
18.6666660309
15.2857141495
3.5384614468
11.3913040161
18.9615383148
10.523809433
8.8076925278
37.7777786255
12.5652170181
9.25
23.0769233704
26.0833339691
15.1428575516
15.5
27.3125
11.3333330154
17.3888893127
29.1818180084
12.8333330154
6.3214287758
11.2727270126
24.0952377319
13.428571701
12.1153850555
18.8888893127
39.6470603943
10.9090909958
18.8999996185
13.1000003815
10.4347829819
22.3636360168
29.7999992371
9.129032135
31.6363639832
11.5416669846
14.5882349014
5.1428570747
13.6999998093
10.3913040161
15.1666669846
9.0
23.2173919678
31.1666660309
15.5
8.3999996185
11.0
10.0
14.1818180084
27.9411773682
10.125
17.0
22.2222213745
4.0909090042
74.3333358765
14.5833330154
12.0
10.4210529327
36.0833320618
8.7857141495
20.4705886841
21.8125
9.2272729874
35.5
23.6363639832
5.9166665077
6.5599999428
7.6363635063
15.428571701
55.6666679382
16.0370368958
7.7272725105
48.2000007629
1.8461538553
8.9444446564
14.0
36.0
8.1000003815
7.6999998093
69.4000015259
13.3636360168
16.25
11.0952377319
26.7142848969
12.6999998093
12.3181819916
13.2777776718
20.0
10.875
10.75
9.9230766296
14.8333330154
23.5
16.3076915741
16.0769233704
46.9000015259
28.2941169739
25.25
11.2727270126
48.764705658
10.2380952835
25.5882358551
40.2000007629
14.7600002289
14.8181819916
24.5
17.8799991608
17.6923084259
5.3125
10.4137935638
9.8000001907
12.9230766296
11.3076925278
13.875
10.3333330154
43.5
31.7222213745
21.5384616852
5.5454545021
14.2272729874
9.1999998093
19.4444446564
8.8387098312
10.571428299
12.5357141495
7.0714287758
3.9500000477
3.9000000954
21.2142848969
28.1875
19.6000003815
16.6842098236
9.65625
14.3599996567
15.6666669846
6.7083334923
10.7142858505
15.6296300888
5.6285715103
6.9166665077
29.6428565979
6.5714287758
7.827586174
8.4799995422
22.8181819916
14.0833330154
32.3333320618
27.0
36.0
24.8095245361
29.7692298889
11.1666669846
8.6764707565
27.2000007629
26.7272720337
45.0909080505
36.5333328247
26.6190471649
12.3076925278
22.7857151031
23.0909099579
3.4000000954
16.6071434021
14.6000003815
17.6875
3.2000000477
16.428571701
2.7999999523
6.7272725105
16.6153850555
6.6956520081
17.2666664124
16.1428565979
8.5454549789
13.3000001907
21.4166660309
17.5333328247
19.8999996185
7.0
12.0
19.0588226318
16.7692298889
21.0833339691
33.6875
21.6666660309
14.9411764145
8.75
11.9166669846
14.6999998093
18.6153850555
9.4666662216
22.5384616852
7.8235292435
18.5384616852
5.0
25.1428565979
18.6000003815
16.6153850555
14.4666662216
18.25
17.0
10.0
15.5454549789
12.3076925278
10.8571424484
20.3333339691
12.3999996185
22.9090900421
15.3333330154
11.4615383148
13.2307691574
13.3846149445
18.3636360168
13.1999998093
21.3999996185
10.0
9.0833330154
9.4615383148
7.8333334923
13.8000001907
6.7692308426
20.6000003815
21.2000007629
23.0
12.1818180084
8.1999998093
17.1000003815
11.1000003815
12.4166669846
13.9090909958
13.7692308426
14.7272729874
16.5
14.1666669846
13.6999998093
33.25
47.7272720337
24.4666671753
60.5833320618
49.25
13.8999996185
15.9600000381
15.2727270126
24.8999996185
56.5
16.9615383148
40.3333320618
18.1904754639
14.8999996185
51.4000015259
23.9500007629
33.1764717102
28.0
33.9000015259
18.4347820282
24.117647171
24.125
21.8461532593
38.3333320618
41.8333320618
19.3333339691
18.0909099579
25.428571701
47.1818199158
22.9583339691
25.75
62.2727279663
50.2999992371
15.4210529327
50.6666679382
17.8421058655
38.5833320618
74.4615402222
22.5
30.4615383148
24.375
21.5
21.6315784454
15.8500003815
62.9166679382
26.0588226318
14.5200004578
35.0
37.3076934814
17.1363639832
33.2000007629
27.6666660309
47.6363639832
40.8333320618
17.7222213745
41.4285697937
27.3888893127
54.3333320618
21.75
20.3636360168
15.1000003815
14.9473686218
31.4666671753
82.3636398315
31.9375
45.0909080505
39.5384597778
49.5714302063
66.3000030518
37.2999992371
28.25
17.0
34.2941169739
46.9285697937
27.1904754639
10.2666664124
42.75
74.0999984741
47.2857131958
41.6428565979
32.6818199158
18.8333339691
58.1666679382
32.6923065186
28.2173919678
23.3999996185
42.5
15.4705886841
39.5
21.2999992371
14.1153850555
24.7142848969
99.6363601685
40.5833320618
13.3999996185
40.1875
34.7058830261
19.6666660309
33.2000007629
57.6363639832
20.5
41.8333320618
11.5454549789
37.3809509277
42.4117660522
35.2000007629
36.9000015259
46.8571434021
31.25
37.5454559326
74.6999969482
70.8181838989
23.25
45.6666679382
21.3999996185
38.1764717102
22.3636360168
33.6428565979
20.0909099579
33.0
36.1500015259
26.6666660309
16.375
10.8000001907
40.9411773682
32.1428565979
18.6923084259
41.5999984741
27.2999992371
23.8695659637
53.75
15.3684206009
44.3636360168
38.8125
55.9000015259
62.7999992371
28.7333335876
42.7142868042
54.2000007629
39.3636360168
59.7000007629
10.1851854324
45.2142868042
55.1818199158
18.9047622681
18.3125
29.5
13.3599996567
25.5
23.3636360168
26.3888893127
39.3333320618
38.2142868042
13.3333330154
34.5999984741
20.7000007629
18.7692298889
46.4166679382
27.7000007629
14.0
72.75
26.3999996185
29.0
60.0
30.6666660309
25.6666660309
38.2999992371
29.25
15.3333330154
21.4615383148
21.9375
38.5
31.7272720337
16.0
23.4615383148
20.0
23.1666660309
26.5
49.0714302063
15.125
33.5333328247
17.7000007629
19.2857151031
8.5
23.25
20.4166660309
31.0
10.3333330154
26.0
21.3333339691
23.75
47.9000015259
17.1538467407
26.2727279663
14.3846149445
42.6363639832
16.5454540253
23.9090900421
12.6363639832
17.0
16.8999996185
32.9230766296
35.8571434021
29.75
14.1000003815
28.7999992371
11.75
12.0
33.2857131958
15.8333330154
7.0769228935
10.3125
30.6666660309
17.75
33.2999992371
48.8181800842
33.6666679382
12.7692308426
22.9166660309
22.8181819916
11.4166669846
24.6666660309
19.7692298889
10.153845787
19.5454540253
15.1428575516
27.3636360168
8.75
24.8181819916
9.2666664124
17.7000007629
34.5
22.3846149445
14.8333330154
19.0909099579
14.0909090042
8.3636360168
21.8181819916
12.0
39.2999992371
17.2000007629
12.8000001907
13.1000003815
11.7272729874
17.2999992371
10.8000001907
13.0
7.5999999046
15.8999996185
11.3125
14.8000001907
13.3000001907
18.0
52.0
15.8125
11.2631578445
6.6538462639
12.1818180084
14.7368421555
11.7619047165
12.9499998093
8.4399995804
12.3529415131
21.3199996948
17.8421058655
16.3333339691
11.3000001907
6.0
72.6999969482
23.6666660309
10.3333330154
9.1999998093
23.4615383148
10.3888893127
17.3500003815
28.1000003815
9.8333330154
15.3636360168
10.8999996185
7.7142858505
4.4166665077
10.5
