3.1020407677
11.5384616852
5.0555553436
1.8181818724
19.3333339691
4.2280702591
4.0
3.6428570747
32.9166679382
3.4666666985
46.4000015259
46.75
11.3999996185
8.9302330017
30.0526313782
42.8181800842
5.9038462639
4.8499999046
50.0
10.4166669846
17.2399997711
34.6315803528
3.2727272511
4.4242424965
15.5
17.375
12.9655170441
3.46875
10.6875
3.0243902206
3.6400001049
3.0
2.7647058964
6.0
2.0
5.6818180084
8.1999998093
6.5500001907
14.9375
5.5999999046
11.1999998093
8.1363639832
4.0500001907
3.2666666508
7.1818180084
4.0999999046
7.0625
6.0
5.5833334923
20.5882358551
16.571428299
32.0769233704
18.7999992371
8.347826004
12.7142858505
17.1428565979
10.3913040161
6.7941174507
32.5714302063
12.2727270126
13.117647171
29.4166660309
25.2000007629
7.8235292435
10.7333335876
8.8181819916
20.0
12.5357141495
28.1875
14.571428299
8.8999996185
25.3846149445
34.2999992371
6.1333332062
13.0769233704
8.5333337784
17.5
15.0833330154
11.3000001907
10.3333330154
8.6923074722
47.7272720337
24.4666671753
28.0
31.3333339691
38.0833320618
32.9000015259
29.3125
47.6363639832
40.8333320618
18.3076915741
31.7333335876
40.6666679382
19.571428299
66.3000030518
30.3333339691
49.9090919495
63.4000015259
26.9230766296
9.4615383148
28.8999996185
15.8181819916
28.2999992371
11.071428299
15.2727270126
18.6363639832
17.7000007629
18.8999996185
28.4615383148
