59.3636360168
6.037735939
4.1555557251
3.2307691574
14.1666669846
24.1052627563
4.7678570747
22.2916660309
14.2666664124
9.0930233002
67.0
9.8163261414
21.1071434021
7.490196228
16.625
3.5849056244
5.4375
2.9642856121
7.0
2.8095238209
6.6785712242
3.9333333969
2.660377264
8.517241478
16.4375
13.25
10.6315793991
5.1999998093
38.75
13.5
25.6666660309
2.0606060028
13.3125
6.9411764145
1.6129032373
5.7058825493
24.75
30.7272720337
4.4615383148
3.15625
2.8484847546
3.0
4.7857141495
2.482758522
15.5
17.4615383148
12.7368421555
7.1999998093
5.9565215111
11.5454549789
4.5999999046
3.0
6.5
11.7142858505
4.4615383148
7.3000001907
3.3636362553
2.8181817532
5.5454545021
9.071428299
45.25
14.75
51.0999984741
18.3999996185
19.2777786255
13.0
10.8000001907
30.5
55.6666679382
10.0434780121
7.6451611519
38.2999992371
9.172413826
10.125
12.117647171
17.5555553436
29.6000003815
10.6428575516
13.3999996185
8.8181819916
11.5
71.4000015259
21.2941169739
21.8636360168
13.3199996948
17.1904754639
59.2000007629
20.6842098236
19.476190567
20.7619056702
28.1000003815
16.1538467407
62.1666679382
34.8181800842
24.625
14.6999998093
19.2666664124
50.0769233704
19.0833339691
22.3333339691
17.0
29.2142848969
13.7272729874
20.6363639832
32.5384597778
15.5
13.476190567
19.4210529327
14.5600004196
13.0625
19.0666675568
11.0
13.0
