27.0833339691
6.1194028854
15.0243902206
19.4642848969
4.5
8.571428299
5.6744184494
19.375
14.3076925278
20.0833339691
12.9459457397
11.0
26.1034488678
7.0227274895
21.9166660309
20.4347820282
27.9047622681
4.2692308426
6.6153845787
10.8947372437
4.1052632332
9.2380952835
13.0270271301
4.4615383148
6.4166665077
23.952381134
1.75
2.8571429253
21.5652179718
10.0
10.7600002289
12.3125
8.3333330154
15.9411764145
8.2142858505
24.8181819916
23.0625
18.5
7.478260994
4.2142858505
5.1304349899
4.3333334923
3.1199998856
2.9375
2.9375
2.4615385532
2.0
3.0
2.7000000477
6.0999999046
22.5
27.4705886841
19.1000003815
12.7083330154
9.4615383148
23.0769233704
1.9166666269
12.6071424484
3.2999999523
11.9142856598
9.7222223282
17.4375
37.0
13.2222223282
12.3181819916
22.625
26.4615383148
16.0769233704
33.4000015259
25.6875
30.0
14.3333330154
28.5454540253
14.9200000763
11.4444446564
2.2999999523
34.2999992371
18.7368412018
11.9090909958
18.2999992371
8.6923074722
41.5
32.5625
13.4166669846
49.4545440674
14.3846149445
16.8181819916
54.3846168518
17.875
32.6666679382
25.571428299
40.5833320618
40.8461532593
19.6666660309
20.9130439758
47.2000007629
21.8333339691
14.3846149445
14.0833330154
18.6363639832
17.2999992371
14.9259262085
