10.452381134
6.4193549156
24.6818180084
10.1304349899
22.1379318237
4.6122450829
8.3333330154
3.3666665554
4.764705658
36.375
23.3928565979
6.7272725105
4.3947367668
15.1379308701
43.0
3.9375
2.6800000668
6.5483870506
27.1818180084
3.4038462639
15.8076925278
23.3999996185
21.28125
4.4509801865
4.2222223282
5.0749998093
42.5454559326
15.9189186096
7.8108110428
46.3333320618
2.6666667461
16.2666664124
7.2631578445
5.870967865
18.625
13.2888889313
13.3421049118
25.8571434021
12.153845787
33.0454559326
2.2000000477
3.3571429253
6.7058825493
9.5454549789
2.25
3.1764705181
37.5999984741
2.8888888359
3.0909090042
25.4666671753
7.2692308426
3.6585366726
17.0
6.434782505
5.0952382088
4.8333334923
3.7368421555
4.764705658
5.9333333969
3.7272727489
55.8333320618
7.09375
37.2999992371
11.6923074722
9.5
7.25
41.2857131958
16.428571701
23.0
2.6875
11.6842107773
40.1818199158
4.5454545021
13.8999996185
66.0833358765
8.7391300201
31.0
33.9090919495
13.1052627563
12.117647171
9.4615383148
36.8888893127
45.7333335876
23.3846149445
21.4500007629
37.25
13.8500003815
88.5384597778
54.0909080505
33.2941169739
49.7999992371
14.8181819916
29.375
27.5333328247
19.7999992371
23.1428565979
14.3000001907
35.2000007629
33.1818199158
15.8571424484
20.0909099579
16.1363639832
9.882352829
14.7692308426
12.5555553436
33.764705658
29.0
9.8333330154
17.3809528351
19.3571434021
11.7368421555
28.4166660309
8.0769233704
