22.6428565979
7.608695507
18.4166660309
2.9523808956
8.1395349503
10.3714284897
5.4285712242
2.5853657722
12.2444448471
3.9487178326
24.2941169739
6.0399999619
12.3846149445
11.4615383148
34.5999984741
2.8888888359
2.9000000954
2.3199999332
6.8666667938
4.2173914909
7.9473686218
2.555555582
20.5454540253
4.4166665077
18.5
10.1578950882
7.3333334923
3.5151515007
4.4736843109
8.235294342
23.7272720337
4.7692308426
1.9583333731
4.6999998093
3.7916667461
2.3333332539
3.2777776718
8.0625
6.3333334923
2.8666665554
5.125
5.5714287758
2.0
7.8125
1.7058823109
43.6363639832
23.8888893127
8.4444446564
12.6666669846
10.2173910141
7.6666665077
18.6363639832
31.9500007629
17.2666664124
25.0
21.7999992371
12.6875
22.8333339691
29.7142848969
17.0
7.2580647469
9.5
11.7916669846
19.3333339691
39.8823547363
8.5416669846
8.346154213
16.6000003815
20.5294113159
18.4736843109
29.0
16.3999996185
18.8666667938
54.5
23.5384616852
13.9411764145
12.2222223282
11.25
15.0
12.3999996185
9.428571701
17.1000003815
15.1666669846
55.0
73.4000015259
25.882352829
22.4090900421
15.7142858505
31.4117641449
39.8666648865
12.09375
21.8999996185
42.2666664124
29.6666660309
21.0666675568
50.6153831482
35.047618866
9.7407407761
20.0
66.0999984741
19.0769233704
34.6923065186
22.5
38.4545440674
36.0
23.4545459747
18.5
40.0
35.5
19.1000003815
30.3999996185
15.6000003815
