4.1538462639
3.75
1.9295774698
18.7407398224
3.6199998856
9.0
6.3200001717
17.3611106873
3.1578948498
3.3548386097
3.71875
4.051281929
6.6363635063
3.5714285374
3.2272727489
4.5999999046
8.1666669846
5.1951217651
6.2537312508
16.8181819916
22.9130439758
15.9230766296
9.0740737915
81.0
11.1599998474
34.3571434021
12.652173996
3.8666665554
30.2000007629
19.1818180084
6.0
4.1333332062
5.2142858505
8.5862064362
2.3636362553
5.9090909958
2.9000000954
4.7222223282
6.9444446564
4.5833334923
3.2727272511
5.1538462639
4.5
3.8641974926
18.5909099579
5.3000001907
3.3076922894
3.1951220036
20.0555553436
6.5833334923
22.0588226318
11.8235292435
22.5833339691
44.9090919495
15.78125
10.3000001907
5.3125
16.8421058655
7.375
19.2941169739
20.928571701
7.068965435
3.2307691574
13.2592592239
3.0
12.6999998093
2.2999999523
7.8421053886
3.7999999523
3.0833332539
48.9000015259
11.4166669846
31.8571434021
63.5999984741
21.3888893127
50.2307701111
27.6190471649
81.0
33.5384597778
42.3636360168
34.0
25.5
28.0
10.5
21.3333339691
26.9166660309
79.8000030518
34.8461532593
44.0769233704
12.689655304
13.8000001907
16.0
25.2999992371
27.071428299
30.1818180084
7.3125
9.3999996185
7.375
21.7142848969
13.1875
11.9629631042
11.846154213
9.7272729874
13.7272729874
7.8333334923
12.0
