2.8245613575
6.75
18.9545459747
3.5
8.6086959839
13.4375
6.9250001907
38.0625
23.4375
12.4482755661
18.5217399597
7.5500001907
17.851852417
5.1818180084
22.7916660309
18.8571434021
14.8125
2.0999999046
8.0399999619
7.0
3.6363637447
6.6666665077
4.8125
3.7272727489
19.3333339691
22.8947372437
6.9230771065
32.6153831482
18.625
14.6000003815
6.0769228935
5.25
8.6363639832
3.4166667461
8.0833330154
12.8000001907
14.0416669846
13.0588235855
9.0
3.3636362553
6.9411764145
14.6999998093
7.6799998283
16.0909099579
37.3684196472
20.5
9.8928575516
32.5625
14.0833330154
7.9230771065
7.4166665077
51.0
14.0740737915
11.4482755661
9.655172348
6.086956501
1.7692307234
10.117647171
8.7083330154
9.7142858505
46.5
16.2727279663
5.0
6.6999998093
2.7000000477
5.0
17.3846149445
77.6363601685
12.25
45.2666664124
74.3000030518
17.7600002289
20.2727279663
20.5454540253
11.3793106079
17.7999992371
74.5999984741
13.9565219879
14.5833330154
22.5499992371
22.6363639832
16.375
14.3333330154
22.6428565979
51.7999992371
54.4375
33.875
58.1818199158
19.6153850555
13.8076925278
64.1818161011
23.5263156891
27.0952377319
11.5833330154
13.0833330154
16.2727279663
29.0
7.1999998093
9.7272729874
31.2000007629
15.1052627563
10.6428575516
11.75
19.5
7.28125
