3.3235294819
15.172413826
11.5952377319
7.4285712242
6.5399999619
8.9090909958
2.6756756306
5.1090908051
7.375
2.7142856121
4.9024391174
4.8076925278
2.8571429253
18.5862064362
4.5199999809
6.5681819916
3.5999999046
15.1666669846
2.7878787518
2.6785714626
22.1071434021
3.0714285374
3.6470587254
18.1764698029
3.5833332539
4.5283017159
2.3684210777
3.5263156891
16.2749996185
3.4545454979
1.6666666269
35.4666671753
15.1999998093
10.9047622681
17.928571701
15.5769233704
10.571428299
33.8181800842
4.1111111641
3.117647171
3.5599999428
17.1818180084
2.5199999809
5.173913002
3.7916667461
3.1538462639
4.7916665077
23.5
8.3529415131
4.75
4.3499999046
2.0625
15.9090909958
17.6875
10.6153850555
8.0
25.8125
8.8695650101
15.0526313782
12.7272729874
58.4666671753
13.7096776962
29.5
11.347826004
15.3888893127
7.4193549156
21.5
12.3333330154
12.7142858505
14.5
12.7894735336
4.75
9.5625
38.5454559326
13.7142858505
11.6428575516
49.4000015259
16.4615383148
7.0
14.7857141495
35.0999984741
18.8571434021
16.2000007629
9.9166669846
14.2105264664
59.2999992371
31.4545459747
41.2727279663
55.7999992371
56.4000015259
71.2727279663
72.25
24.6666660309
17.8333339691
26.2941169739
28.6666660309
49.9230766296
38.1666679382
13.1666669846
27.9333324432
24.1818180084
14.6000003815
56.5
28.1333332062
17.7272720337
35.5
16.7999992371
7.9000000954
10.3684206009
