14.375
47.4285697937
2.934782505
1.8999999762
4.125
16.75
29.8181819916
19.678571701
6.8000001907
46.7692298889
19.6363639832
3.9210526943
2.9473683834
28.7619056702
1.7368421555
22.9090900421
2.75
17.1052627563
10.7083330154
4.1750001907
8.8999996185
6.8333334923
11.9655170441
18.8076915741
7.5
6.3000001907
20.0
11.1764707565
20.7575759888
2.5625
2.3958332539
19.1000003815
2.25
5.0833334923
22.4848480225
2.3157894611
20.8181819916
16.2413787842
9.1999998093
4.3157896996
3.3333332539
34.3846168518
6.8800001144
7.1428570747
10.0
18.0
5.8666667938
4.434782505
3.4285714626
13.0
4.9166665077
12.4705886841
18.0
3.0
15.0
6.347826004
3.7222223282
8.0
5.235294342
4.5714287758
7.1612901688
9.4814815521
40.3846168518
20.8400001526
16.4500007629
17.2000007629
37.9473686218
1.8461538553
13.2916669846
7.7142858505
10.4545450211
20.0555553436
63.8571434021
7.6666665077
6.5833334923
2.3846154213
45.4166679382
17.7222213745
46.9285697937
15.4193544388
31.8461532593
4.2307691574
12.7058820724
9.9444446564
9.5454549789
19.7000007629
15.9090909958
42.4666671753
36.9047622681
39.2000007629
10.3000001907
46.3636360168
24.3999996185
18.0909099579
20.8666667938
42.5
30.3181819916
32.9230766296
31.7000007629
17.9090900421
14.1666669846
5.9000000954
