6.0638298988
5.9411764145
3.375
8.7142858505
5.2051281929
8.3999996185
28.5
12.3999996185
4.8800001144
2.1875
8.1666669846
9.0
37.0999984741
16.0
5.9230771065
6.4074072838
2.5
9.0344829559
10.3999996185
2.9090909958
4.0555553436
4.5294117928
4.6666665077
4.0
2.0909090042
14.0909090042
3.0
5.625
1.5833333731
4.235294342
4.1111111641
4.0
7.8000001907
2.21875
2.8571429253
12.1999998093
3.5
5.5555553436
16.5
10.0740737915
15.9200000763
8.8800001144
7.2307691574
6.4736843109
10.6666669846
2.5
5.1538462639
6.8181819916
10.8888893127
8.172413826
3.1538462639
7.3529410362
11.7272729874
24.0
5.6999998093
7.5151515007
3.9166667461
11.6666669846
2.9285714626
10.1999998093
14.952381134
15.3888893127
21.25
11.1818180084
35.7692298889
18.6153850555
3.2999999523
9.5
14.0384616852
6.4545454979
2.1818182468
5.4000000954
5.0999999046
2.9230768681
1.8333333731
2.5999999046
6.5
2.7000000477
2.3076922894
5.8000001907
7.0
3.2727272511
7.9090909958
7.1538462639
11.6000003815
11.071428299
13.9166669846
15.9600000381
50.9333343506
19.8500003815
30.2000007629
35.0
36.1578941345
21.0666675568
78.0
25.2307701111
17.1428565979
32.5999984741
54.6666679382
31.6666660309
14.2666664124
22.6000003815
12.4166669846
11.3125
15.3333330154
7.4400000572
91.7272720337
10.2105264664
11.7142858505
15.7142858505
4.6999998093
6.0999999046
17.7333335876
