4.4406781197
5.5
3.5909090042
21.2000007629
3.5909090042
4.7419352531
4.0833334923
4.8974356651
4.1166667938
19.4166660309
1.5454545021
41.875
3.1500000954
3.9333333969
5.1999998093
3.6875
19.2142848969
3.0
51.5999984741
34.9000015259
3.9677419662
13.2413797379
4.065217495
25.7272720337
8.8000001907
24.8461532593
23.9599990845
5.913043499
43.7000007629
6.6153845787
20.625
1.6666666269
3.0714285374
3.5897436142
6.7272725105
11.25
3.739130497
5.1842103004
2.655172348
13.4444446564
2.4285714626
2.75
3.5454545021
5.8181819916
14.2272729874
5.2272725105
6.3461537361
4.0909090042
3.1379311085
23.1000003815
4.565217495
14.2307691574
4.4166665077
4.3333334923
2.9600000381
12.6999998093
5.9615383148
5.3636364937
2.5999999046
4.3571429253
6.3888888359
7.5
9.2631578445
2.2857143879
3.7142856121
4.4444446564
2.9166667461
44.0666656494
4.0909090042
15.9130430222
35.0909080505
10.5
19.25
8.3999996185
15.3636360168
10.4545450211
6.2727274895
16.5384616852
17.6470584869
11.4705886841
13.6363639832
29.0909099579
13.7272729874
17.3333339691
13.2307691574
11.882352829
17.3846149445
74.8000030518
35.8461532593
36.2666664124
68.6666641235
82.3000030518
33.7857131958
41.4705886841
37.9285697937
43.0
32.9090919495
30.5625
41.1333351135
51.5
33.1764717102
22.2142848969
18.1111106873
26.0
19.3999996185
20.3999996185
19.6363639832
