4.0909090042
3.1621620655
29.3636360168
8.235294342
3.8461537361
6.3392858505
3.5957446098
5.4000000954
11.846154213
5.9615383148
5.4054055214
2.7931034565
4.2777776718
10.3199996948
22.0
6.7857141495
25.3913040161
7.1142859459
16.1666660309
21.2857151031
15.846154213
2.4166667461
3.4848484993
8.0500001907
7.6341462135
3.5090909004
14.351351738
18.0
15.1999998093
30.8461532593
4.391304493
3.565217495
4.1746029854
5.047618866
22.2941169739
3.1578948498
50.3846168518
3.2352941036
19.3999996185
4.0
2.75
6.260869503
3.6666667461
5.5294117928
5.8947367668
16.9117641449
3.6818182468
25.1538467407
1.7999999523
4.0
15.8235292435
6.9166665077
4.5142855644
10.1875
7.5
5.655172348
3.9166667461
5.5454545021
7.2941174507
6.0
3.625
5.4705882072
4.235294342
12.0
14.655172348
3.7000000477
17.4347820282
5.1052632332
7.1818180084
11.1428575516
3.8571429253
9.2857141495
9.7916669846
22.5
6.1666665077
16.1538467407
14.153845787
17.7000007629
14.875
5.9000000954
25.2727279663
12.3999996185
59.3636360168
17.3846149445
37.5999984741
39.9000015259
48.5714302063
32.6428565979
42.6363639832
81.6999969482
12.2916669846
81.0909118652
84.6363601685
51.0
31.2999992371
20.1333332062
16.2999992371
8.3000001907
5.1111111641
18.2000007629
