9.25
5.978723526
3.814814806
22.6666660309
10.6199998856
39.8571434021
4.1746029854
18.75
5.6666665077
5.8571429253
8.3235292435
19.9090900421
18.1944446564
1.9375
12.0625
26.0
40.7999992371
26.9090900421
27.8421058655
49.5454559326
10.6666669846
7.068965435
14.4642858505
25.4444446564
18.0
21.2272720337
3.5
23.4615383148
27.4375
4.3571429253
4.5
6.2857141495
3.9696969986
14.5625
4.5714287758
8.5789470673
13.3999996185
3.9285714626
10.5500001907
18.6363639832
2.0999999046
8.1428575516
9.8181819916
4.1428570747
7.0
3.9375
6.4545454979
4.4117646217
4.6363635063
5.6153845787
4.125
6.7916665077
22.2000007629
6.0
9.5
9.476190567
4.652173996
14.0416669846
6.4000000954
10.3333330154
12.2307691574
2.5714285374
5.9565215111
14.4666662216
29.0909099579
15.571428299
13.5384616852
55.444442749
12.235294342
27.6923084259
14.1666669846
15.153845787
13.6400003433
15.2222223282
31.5
15.75
24.764705658
35.3571434021
11.5652170181
15.8666667938
21.3809528351
11.625
17.5882358551
19.0
48.7692298889
31.6875
59.9166679382
14.6800003052
50.6666679382
46.4285697937
29.1818180084
30.7894744873
49.5714302063
13.1000003815
20.3125
33.7999992371
33.1818199158
16.75
8.3333330154
13.6153850555
32.0
8.5
7.9090909958
15.6470584869
32.7894744873
9.3000001907
28.1666660309
13.8181819916
18.2000007629
