17.2666664124
4.5945944786
5.5
5.6999998093
13.9230766296
9.4499998093
3.5679011345
16.8999996185
6.196721077
3.1111111641
4.1111111641
23.4074077606
9.6956520081
10.347826004
3.1428570747
12.25
10.0
59.5454559326
13.652173996
5.8928570747
12.3999996185
4.0909090042
2.2333333492
5.1111111641
8.9142856598
2.2000000477
31.3181819916
5.0799999237
17.6071434021
34.5263175964
7.5
30.2941169739
10.3888893127
6.8666667938
5.952381134
5.8181819916
5.1999998093
10.1428575516
3.9459459782
4.2222223282
5.8000001907
7.830508709
7.3846154213
7.8723402023
3.2666666508
2.6744186878
6.848484993
7.5999999046
2.0499999523
4.3043479919
4.1111111641
39.1818199158
8.75
2.7857143879
20.0
6.2727274895
4.0
15.3076925278
6.764705658
26.1578941345
19.6666660309
7.2592592239
19.310344696
14.5294113159
14.071428299
52.9090919495
37.6666679382
11.5909090042
7.0344829559
20.8260860443
9.375
1.5
4.5833334923
10.3599996567
8.7692308426
7.6875
9.5806455612
5.9166665077
10.3076925278
8.0909090042
19.9565219879
11.1818180084
13.4375
6.5555553436
34.5
7.9000000954
76.9000015259
22.1818180084
83.7272720337
35.8571434021
18.7857151031
50.8461532593
58.2142868042
33.7333335876
34.7333335876
48.0999984741
50.7000007629
54.5714302063
43.2727279663
17.25
27.3333339691
34.9000015259
39.25
53.8571434021
72.0
20.7999992371
27.2999992371
18.0833339691
8.6999998093
