10.8999996185
2.0999999046
20.3600006104
16.8157901764
17.347826004
12.321428299
23.6428565979
3.2592592239
2.7460317612
4.8800001144
3.2083332539
8.125
10.8787879944
4.75
15.1428575516
23.8799991608
5.7755103111
4.1818180084
3.5789473057
2.5714285374
6.6363635063
5.3600001335
22.9166660309
4.523809433
11.4583330154
6.9833331108
24.5666675568
5.2307691574
4.8666667938
7.955555439
7.0625
3.565217495
23.2592601776
4.0740742683
7.5833334923
8.3589744568
4.8000001907
7.8536586761
2.9183673859
20.2727279663
16.1351356506
3.4285714626
7.0294117928
7.6764707565
2.1199998856
9.0
7.4464287758
4.9090909958
5.7142858505
5.1818180084
5.2727274895
6.5454545021
6.5999999046
23.3636360168
3.4166667461
7.25
13.0833330154
5.0322580338
9.3428573608
2.5599999428
10.153845787
4.4444446564
12.75
7.1333332062
4.652173996
1.3478261232
13.3000001907
8.6000003815
23.6000003815
10.25
20.6153850555
30.0
7.5
9.9473686218
29.4375
12.0
8.4615383148
15.1000003815
13.7368421555
15.8181819916
13.1818180084
13.375
12.6363639832
13.8181819916
14.9230766296
46.7000007629
31.6842098236
61.2999992371
38.0
16.4782600403
35.9166679382
52.9090919495
21.8260860443
38.2307701111
49.2142868042
59.5454559326
49.3846168518
69.4166641235
31.1428565979
27.5
13.2666664124
9.5454549789
6.4444446564
