5.3333334923
17.8076915741
6.75
10.3000001907
7.7894735336
6.625
3.7073171139
3.6206896305
4.3181819916
5.1666665077
33.0999984741
38.8333320618
7.9285712242
3.0
3.3571429253
10.1702127457
9.6756753922
11.6000003815
12.9230766296
4.739130497
20.3600006104
6.7142858505
4.15625
19.4615383148
3.8333332539
11.0
2.7931034565
26.7000007629
23.375
12.9666662216
6.3043479919
8.1052627563
2.4482758045
21.7142848969
3.0666666031
3.3205127716
26.6499996185
30.9500007629
9.8936166763
31.1428565979
2.8333332539
5.4545454979
4.8846154213
14.4705886841
4.3800001144
8.0816326141
4.9677419662
7.5599999428
2.3846154213
10.5833330154
5.4000000954
2.8518519402
8.517241478
13.9166669846
2.2580645084
4.2432432175
5.5428571701
19.75
2.4642856121
2.34375
6.476190567
9.6363639832
3.1315789223
23.2666664124
3.9692306519
6.1999998093
5.826086998
4.1590909958
11.3636360168
6.882352829
67.25
4.6166667938
10.3999996185
5.434782505
3.2037036419
6.4166665077
3.625
10.6756753922
28.1904754639
2.0999999046
29.4736843109
5.0999999046
13.7692308426
4.1818180084
10.0
13.9310340881
4.6463413239
4.7142858505
11.6363639832
34.4210510254
2.875
3.4814815521
3.6666667461
11.2424240112
36.7777786255
25.8148155212
3.0434782505
3.2083332539
2.4081633091
27.7600002289
40.7000007629
2.5227272511
11.0
7.5999999046
3.9600000381
39.25
11.0
2.03125
5.8222222328
3.6153845787
8.1333332062
14.4666662216
15.5789470673
5.53125
6.0655736923
3.0133333206
8.2037038803
3.2083332539
3.5517241955
3.2857143879
6.2800002098
6.3666667938
13.4166669846
3.3103449345
2.7692308426
6.2941174507
3.7758619785
11.2916669846
3.2903225422
2.8269231319
3.904109478
4.5999999046
2.7407407761
29.3684215546
22.148147583
40.0999984741
8.0500001907
2.75
3.4545454979
16.6000003815
3.5531914234
3.3877551556
29.8999996185
7.8947367668
3.2222223282
3.4411764145
5.1999998093
5.931034565
17.5405406952
3.2075471878
19.0384616852
4.0526313782
2.0208332539
3.9148936272
82.9090881348
9.8000001907
8.5357141495
51.5882339478
25.3913040161
12.7142858505
10.2439022064
3.6571428776
4.3492064476
5.1428570747
4.2307691574
24.5333328247
5.5714287758
6.5714287758
3.7346937656
12.375
5.7567567825
12.5200004578
18.3076915741
2.40625
18.3999996185
3.2000000477
16.8461532593
4.3076925278
4.4210524559
1.7857142687
3.4800000191
2.9565217495
25.7999992371
3.9000000954
2.6956522465
2.7213115692
6.4285712242
3.1111111641
3.6875
2.5882353783
3.4523808956
1.8999999762
2.5384614468
6.8387098312
11.696969986
2.8644068241
7.9677419662
7.1999998093
10.8000001907
28.7058830261
2.5185184479
10.375
10.9090909958
10.5789470673
2.4375
31.3636360168
9.7333335876
14.0249996185
7.1621623039
4.1153845787
11.658536911
2.739130497
7.6666665077
3.6530611515
29.7727279663
7.7727274895
7.4769229889
5.5999999046
19.25
6.6557378769
2.3870968819
3.3636362553
11.8958330154
4.7619047165
3.1132075787
14.7878789902
5.1538462639
9.09375
52.8571434021
13.6756753922
5.0
21.3809528351
17.75
4.0526313782
5.3928570747
22.875
7.1538462639
17.4193553925
7.2173914909
14.8181819916
5.6799998283
5.5918369293
2.8918919563
3.5
6.0749998093
3.6956522465
20.8181819916
27.8461532593
5.0
3.1428570747
6.7288136482
4.2597403526
10.3333330154
4.0227274895
3.1428570747
4.2142858505
4.8461537361
2.7741935253
3.3157894611
21.3793106079
21.3846149445
3.7000000477
22.0400009155
21.4705886841
18.6666660309
23.2727279663
9.7619047165
3.1935484409
17.2727279663
25.4814815521
10.3571424484
3.2173912525
17.2777786255
8.3333330154
6.7536230087
3.6875
4.4117646217
7.434782505
4.6799998283
4.5882353783
4.3076925278
27.5200004578
10.5
6.565217495
5.1111111641
14.4146337509
16.6315784454
3.7083332539
5.0196080208
23.476190567
8.8888893127
8.0892858505
34.7000007629
2.0454545021
4.0
9.7619047165
3.9436619282
5.8787879944
4.1153845787
6.8125
16.4615383148
4.4000000954
3.0357143879
14.3599996567
22.4117641449
15.8837213516
3.0
8.952381134
11.3333330154
12.9545450211
18.9411773682
13.0
5.4285712242
1.6428571939
19.6111106873
27.3333339691
5.8039216995
10.8999996185
24.8999996185
31.2999992371
8.3333330154
14.1304349899
5.25
10.5625
4.7777776718
3.5925924778
7.1538462639
3.1333334446
21.2692298889
5.4166665077
4.1746029854
24.5200004578
13.1428575516
10.5789470673
4.2631578445
49.9000015259
7.8571429253
19.8571434021
4.1923074722
12.7272729874
5.1999998093
23.2758617401
4.3333334923
24.3999996185
34.3333320618
5.0952382088
5.306122303
47.7272720337
5.913043499
10.7368421555
5.0
8.7083330154
15.8571424484
4.241379261
34.7142868042
5.0500001907
33.4705886841
2.875
12.5142860413
6.0847458839
4.1428570747
10.0526313782
33.5454559326
11.720000267
2.5454545021
3.0588235855
25.047618866
8.476190567
37.6363639832
5.4000000954
5.6428570747
7.1111111641
5.0434784889
12.3000001907
5.75
23.7000007629
5.8947367668
5.4615383148
2.5
5.5882353783
2.0
3.6470587254
9.0833330154
2.4705882072
38.8571434021
5.8571429253
18.5454540253
8.75
4.5
7.7777776718
2.5909090042
5.5999999046
4.9473686218
2.7142856121
3.0344827175
40.047618866
2.9000000954
14.882352829
4.0952382088
30.1000003815
5.1428570747
5.4166665077
5.6111111641
4.8787879944
20.0666675568
3.6875
4.7826085091
4.1875
7.0
7.1999998093
6.4000000954
8.3000001907
2.7222223282
6.2857141495
1.9411764145
4.6999998093
16.8611106873
5.9285712242
7.6190476418
5.0
36.4117660522
9.0
4.7777776718
4.0
3.9000000954
3.625
14.8157892227
3.8181817532
6.75
2.25
3.5
3.2999999523
6.9000000954
5.9166665077
2.476190567
6.5833334923
2.9000000954
16.5454540253
4.0
3.4615385532
3.1538462639
12.8181819916
7.2941174507
4.8421053886
3.7272727489
2.8800001144
3.9000000954
3.6666667461
1.4166666269
3.25
8.75
2.2999999523
13.6923074722
6.1818180084
5.0999999046
4.5999999046
2.9473683834
4.0
8.8292684555
4.0263156891
3.1153845787
4.4166665077
2.5
3.8333332539
2.3225805759
3.0
3.0
3.5217392445
3.5384614468
7.1999998093
5.2307691574
29.75
10.9375
3.6923077106
3.3076922894
9.7575759888
3.068965435
3.3888888359
10.7333335876
21.9200000763
1.9230768681
7.5999999046
5.3076925278
2.1875
2.8181817532
5.1818180084
3.2941176891
3.4242424965
3.3777778149
2.7333333492
3.7142856121
3.9629628658
7.8571429253
2.4166667461
3.3333332539
5.3000001907
5.7692308426
7.4285712242
45.6666679382
3.5
1.8461538553
2.7272727489
2.9000000954
4.3611111641
9.6451616287
3.4883720875
1.8999999762
6.173913002
2.8235294819
11.8846149445
8.1000003815
15.6000003815
13.1481485367
2.7368421555
34.9166679382
11.7142858505
7.8076925278
3.8095238209
3.8571429253
2.6153845787
3.3170731068
3.25
6.4000000954
2.3461537361
13.178571701
8.5789470673
7.0277776718
3.7631578445
3.0
5.1599998474
2.3499999046
1.5833333731
3.3589744568
3.9000000954
2.4615385532
6.1500000954
15.6666669846
2.8333332539
7.0
8.9642858505
10.1999998093
15.0
4.7666668892
2.75
4.1851849556
6.25
14.3684206009
5.0
12.9444446564
9.5
5.0303030014
2.75
6.2758622169
4.4000000954
10.2857141495
6.2916665077
7.0344829559
5.0
5.5999999046
3.8181817532
6.0357141495
2.2222223282
9.4210529327
5.7777776718
7.5999999046
3.2333333492
4.689655304
5.2258062363
4.4166665077
7.6399998665
2.8125
11.7272729874
1.5
2.9333333969
3.4545454979
9.0
2.6571428776
11.0384616852
3.413793087
8.7083330154
10.2903223038
3.9600000381
4.2222223282
4.1212120056
3.2999999523
35.2000007629
6.5294117928
26.0
16.5625
6.625
5.375
6.8333334923
2.6363637447
4.0645160675
2.9677419662
5.1199998856
8.4210529327
1.75
29.5
19.25
5.3043479919
5.2173914909
4.4615383148
3.185185194
3.0
2.4814815521
4.5769228935
17.0
3.0434782505
4.7619047165
2.1500000954
4.25
5.25
6.764705658
5.1538462639
11.0
21.1000003815
5.0
4.2941174507
4.7777776718
2.5999999046
3.5999999046
7.8499999046
5.0
3.7058823109
3.3636362553
7.9047617912
3.0
7.2272725105
2.4285714626
5.4545454979
11.4615383148
3.2222223282
5.8333334923
16.5
7.2916665077
4.1538462639
9.25
5.434782505
3.1481480598
1.7931034565
9.6111106873
17.0
5.8800001144
7.5
6.9615383148
5.1785712242
1.2173912525
6.0952382088
3.375
5.8636364937
6.9565215111
3.2692308426
2.4210526943
6.0434784889
3.6666667461
1.8999999762
2.90625
5.5294117928
4.75
3.3599998951
1.2000000477
3.1875
3.6400001049
19.6000003815
3.7826087475
5.125
8.1578950882
9.5833330154
29.1818180084
3.3846154213
22.3636360168
12.6000003815
3.0454545021
3.4000000954
4.652173996
7.75
7.6666665077
7.5416665077
19.2999992371
8.8333330154
5.1818180084
2.3199999332
14.6923074722
20.2000007629
2.055555582
11.2142858505
4.0526313782
4.608695507
4.476190567
4.0999999046
3.2083332539
19.2999992371
4.4615383148
3.6190476418
4.4499998093
5.5555553436
4.523809433
12.6999998093
5.4166665077
8.047618866
2.2307691574
5.1363635063
6.9473686218
2.444444418
5.4210524559
24.3333339691
2.6538462639
6.25
3.9000000954
4.3333334923
6.3043479919
6.347826004
6.125
18.5384616852
9.8125
6.4375
4.0
5.2222223282
2.75
2.2380952835
1.4500000477
5.5454545021
4.3333334923
5.3333334923
2.0499999523
15.0909090042
7.9285712242
3.875
3.0
5.125
2.8235294819
4.086956501
8.153845787
8.5384616852
1.5
12.846154213
12.0769233704
12.0
4.8461537361
8.8333330154
5.4666666985
6.2631578445
6.1428570747
5.0
1.894736886
20.6363639832
2.8333332539
12.6000003815
6.3000001907
2.4000000954
5.2666668892
4.5
5.4375
3.1500000954
5.375
2.1666667461
4.3333334923
3.5333333015
4.0
2.2222223282
6.9285712242
2.125
4.4166665077
11.0833330154
4.117647171
6.0
2.3157894611
8.1000003815
4.8571429253
6.3076925278
13.1000003815
5.7857141495
6.0833334923
5.8571429253
6.3571429253
13.6363639832
6.4375
2.9375
12.0
2.0
4.0769228935
1.4666666985
5.6153845787
3.2307691574
3.8571429253
6.7272725105
3.5
4.75
1.9411764145
5.7142858505
2.117647171
6.3333334923
10.3000001907
2.4285714626
3.3076922894
2.75
2.6363637447
3.7999999523
1.5
4.4545454979
3.0
3.3076922894
6.5384616852
7.5
7.1818180084
2.7000000477
3.8461537361
2.4000000954
5.1818180084
2.5714285374
2.4166667461
4.0833334923
2.3636362553
2.6666667461
2.3333332539
2.2999999523
5.3636364937
2.6923077106
4.5
2.4000000954
3.0999999046
57.4545440674
6.9166665077
7.3333334923
20.9333324432
5.4000000954
7.4000000954
39.9000015259
21.1666660309
14.4545450211
6.7777776718
6.2432432175
1.6363636255
84.6999969482
11.6000003815
9.5454549789
44.0
29.1538467407
74.9000015259
7.3333334923
14.7857141495
5.0
15.625
10.1999998093
11.9411764145
15.521739006
10.6296300888
24.7272720337
11.0588235855
7.7419352531
7.2173914909
8.6999998093
42.5333328247
17.2083339691
10.8235292435
8.59375
15.3333330154
10.1052627563
31.2000007629
9.6499996185
5.2307691574
44.8181800842
53.0714302063
7.1333332062
9.2608699799
6.6428570747
6.3157896996
6.25
14.0769233704
17.7894744873
18.8181819916
28.1000003815
20.2727279663
17.5882358551
28.3125
17.4210529327
10.75
19.7142848969
21.5454540253
10.2727270126
7.0
26.2000007629
13.4705886841
22.3125
12.9166669846
8.0399999619
7.6153845787
4.0
9.7083330154
6.0
11.7272729874
13.8333330154
9.928571701
28.3333339691
9.7741937637
2.1875
14.7600002289
8.5454549789
7.1999998093
8.9047622681
11.0
18.3571434021
15.303030014
13.3928575516
17.8947372437
12.7894735336
19.25
50.1818199158
9.3846149445
10.5
9.5652170181
10.3999996185
54.2999992371
7.8000001907
9.5454549789
10.6818180084
27.8666667938
5.5833334923
8.5500001907
2.8571429253
16.2692298889
18.0799999237
14.1764707565
45.7000007629
18.1875
9.1818180084
20.2142848969
21.0833339691
34.9285697937
22.9090900421
2.7857143879
10.8666667938
9.5833330154
14.153845787
10.6000003815
18.4090900421
7.7777776718
25.4117641449
47.6666679382
22.1000003815
15.2666664124
2.0833332539
9.75
11.9166669846
6.25
14.6875
9.5
3.25
2.9166667461
57.0833320618
13.1999998093
2.4166667461
4.4000000954
15.8571424484
6.7142858505
14.7727270126
3.2000000477
29.8181819916
11.4666662216
20.6153850555
16.3999996185
20.9090900421
25.6153850555
21.7142848969
13.2222223282
10.4166669846
19.1666660309
17.0
10.882352829
34.7000007629
14.6999998093
14.8571424484
13.0833330154
10.9444446564
17.2999992371
8.0
13.8999996185
19.2000007629
7.7857141495
9.6363639832
12.1818180084
12.2727270126
11.8999996185
14.1000003815
15.6000003815
22.0
14.5833330154
9.153845787
15.5
17.5
8.0
20.25
16.1000003815
47.6363639832
45.1538467407
10.846154213
16.047618866
29.9090900421
22.4400005341
30.5789470673
46.3888893127
31.6842098236
50.9000015259
55.5999984741
53.4545440674
15.5294113159
64.5999984741
39.0769233704
33.0
22.1875
31.7999992371
17.571428299
35.6470603943
40.3076934814
40.5
38.625
16.7826080322
62.7000007629
21.1612911224
43.9000015259
18.1052627563
53.0714302063
19.6000003815
42.2142868042
26.4615383148
41.5
40.2307701111
20.4500007629
19.6315784454
24.7142848969
36.9166679382
58.1666679382
20.3600006104
45.9230766296
50.9000015259
45.3333320618
29.3999996185
51.4545440674
34.0
37.0714302063
66.0999984741
65.8333358765
43.5833320618
23.7000007629
9.5
16.9090900421
32.2999992371
33.2631568909
19.7368412018
50.0999984741
18.9599990845
51.5
94.5999984741
41.8333320618
54.1666679382
55.0
32.3076934814
45.4545440674
49.0
19.1904754639
106.800003052
40.75
74.5
38.2666664124
27.8500003815
16.5
58.5263175964
23.7777786255
14.1666669846
18.8333339691
22.5499992371
23.1666660309
31.3333339691
27.4375
73.4000015259
37.3846168518
10.5833330154
68.8333358765
31.8999996185
12.0
47.0666656494
46.375
29.4736843109
19.0909099579
52.6363639832
23.6666660309
80.9090881348
14.7272729874
9.0
11.3000001907
25.7000007629
36.0
22.0
21.7222213745
52.0909080505
72.4545440674
37.7857131958
56.0
67.7272720337
17.4230766296
28.1000003815
28.6842098236
28.1111106873
32.6923065186
13.4375
19.5833339691
44.9000015259
18.2666664124
14.0555553436
35.25
18.0666675568
26.0
26.1428565979
17.3999996185
23.071428299
31.0
19.0
21.6153850555
28.6363639832
27.2999992371
16.4545459747
34.2000007629
29.9166660309
25.6153850555
18.1666660309
18.5
21.1538467407
20.0
29.7999992371
13.2727270126
17.928571701
19.8333339691
14.1999998093
18.2727279663
34.0714302063
17.5
20.9166660309
17.0
15.1999998093
16.8181819916
10.9230766296
16.0
10.3000001907
25.1000003815
12.1818180084
11.0769233704
28.7000007629
18.6363639832
19.8181819916
17.0
17.3076915741
17.7000007629
22.7272720337
17.0909099579
12.4166669846
22.1000003815
12.1000003815
13.9333333969
13.75
19.0
21.1000003815
15.6999998093
10.6000003815
18.1818180084
14.6999998093
18.7000007629
6.4545454979
12.5
27.6153850555
10.9090909958
11.5454549789
10.6000003815
11.0
12.3636360168
9.6363639832
20.2916660309
10.0
15.1111106873
18.2777786255
3.6666667461
11.8000001907
24.7272720337
