26.5
32.25
3.4000000954
21.9302330017
10.0
2.2580645084
8.3142852783
6.75
5.8787879944
6.6585364342
4.9545454979
5.125
3.0
16.3157901764
4.3499999046
15.3125
5.0
4.478260994
8.1081085205
4.2666668892
5.234375
2.6071429253
3.4626865387
1.3571428061
5.9200000763
3.4000000954
3.2916667461
4.0909090042
33.4117660522
5.2307691574
6.4666666985
12.25
2.5333333015
6.4375
3.172413826
17.764705658
13.8684206009
15.7857141495
3.5882353783
6.6666665077
19.6000003815
4.2941174507
2.0263156891
5.25
8.3859653473
5.4848484993
15.1923074722
5.7692308426
7.6666665077
4.1666665077
10.6999998093
3.0576922894
14.7142858505
3.172413826
6.1999998093
9.3076925278
6.5500001907
4.764705658
16.8421058655
4.485294342
8.8695650101
11.0909090042
3.9259259701
14.1428575516
5.3000001907
6.2307691574
9.5161294937
8.03125
4.8666667938
6.1818180084
23.8636360168
24.2857151031
6.6111111641
9.2941179276
5.413793087
5.1999998093
2.1666667461
2.5454545021
17.0
3.0399999619
6.5714287758
23.8148155212
4.086956501
22.8333339691
5.7291665077
19.1111106873
4.3333334923
29.0833339691
17.5517234802
21.8666667938
4.3333334923
23.6956520081
4.9090909958
10.7727270126
4.0384616852
12.1052627563
3.2666666508
5.086956501
2.9000000954
5.71875
15.3333330154
19.4545459747
2.2000000477
9.6296300888
4.2222223282
9.3703699112
9.653845787
4.7750000954
2.871794939
4.1818180084
16.6052627563
7.8461537361
3.3333332539
7.9736843109
7.0714287758
23.4545459747
6.3636364937
27.2631587982
14.3333330154
9.0
7.6774191856
2.8181817532
11.521739006
5.0428571701
10.1315793991
9.3333330154
3.0
23.7272720337
12.689655304
21.6470584869
4.0454545021
2.1212120056
4.1538462639
5.391304493
10.6999998093
5.652173996
4.2571430206
23.2142848969
6.9411764145
4.7777776718
25.3333339691
23.2000007629
2.8666665554
4.1666665077
15.5925922394
3.0399999619
4.1136364937
3.5806450844
4.2272725105
43.8125
29.25
2.5384614468
4.5500001907
11.6000003815
2.6779661179
2.1666667461
2.4090909958
34.8333320618
28.6499996185
3.0909090042
7.5666666031
4.4791665077
3.586956501
2.5
45.1111106873
5.25
30.2777786255
4.6153845787
8.5200004578
3.0
5.0799999237
17.6666660309
3.2272727489
5.3461537361
5.1538462639
1.407407403
29.9565219879
22.0416660309
3.2173912525
15.0
2.6666667461
23.5454540253
23.428571701
3.3913042545
16.3333339691
11.2972974777
6.5714287758
3.3157894611
17.5333328247
5.1346154213
23.6875
8.6363639832
6.8679246902
18.5
5.8181819916
1.9259259701
27.7999992371
22.6842098236
6.3636364937
4.235294342
4.0985913277
2.5769231319
5.0833334923
3.3684210777
20.0
5.5
15.0
3.4482758045
4.0571427345
13.5749998093
4.1199998856
9.75
39.4117660522
2.75
17.3999996185
4.0384616852
5.1999998093
5.4666666985
5.7750000954
5.5833334923
4.6999998093
5.1785712242
7.0
19.0
23.5652179718
3.7777776718
33.7333335876
3.3333332539
6.2307691574
26.0
3.944444418
2.6875
14.0
5.3333334923
4.4250001907
22.09375
3.1470587254
3.7999999523
19.6363639832
3.5999999046
2.4814815521
5.3333334923
26.2800006866
23.5
6.8461537361
10.2222223282
5.0
27.9375
18.8181819916
18.6666660309
8.347826004
3.25
7.1206898689
8.0384616852
13.6999998093
2.6440677643
4.260869503
2.2799999714
2.75
8.7857141495
54.0999984741
6.0370368958
4.4642858505
2.5
13.846154213
3.1111111641
26.3999996185
2.7733333111
39.2000007629
4.75
7.4000000954
41.3846168518
3.586206913
29.2608699799
3.6666667461
7.0526313782
30.9565219879
4.2142858505
7.8333334923
2.875
3.9722223282
19.2068958282
14.7333335876
3.8888888359
14.7755098343
12.7142858505
3.2941176891
22.6666660309
9.653845787
8.8999996185
2.3235294819
8.3636360168
2.2222223282
5.1785712242
3.4000000954
2.7750000954
8.4545450211
6.75
35.055557251
4.6190476418
6.4705882072
35.75
4.5
4.3600001335
18.0
3.5428571701
4.3333334923
18.9428577423
8.625
3.2352941036
3.8181817532
7.6333332062
5.0625
6.0
3.25
5.375
2.882352829
4.6111111641
1.9166666269
4.6842103004
7.7857141495
6.5999999046
3.5
4.9411764145
3.3333332539
6.5185184479
2.944444418
5.0625
3.0
3.6086957455
2.9333333969
4.0
3.75
6.4000000954
2.0625
2.5
7.5
7.125
21.1538467407
5.4000000954
3.3571429253
6.235294342
4.7142858505
11.428571701
2.7368421555
7.8461537361
2.0999999046
12.1999998093
7.5454545021
3.0
3.944444418
6.4499998093
2.5
19.1000003815
2.0833332539
5.2307691574
10.7272729874
3.5999999046
9.6666669846
5.7222223282
2.0
5.3125
8.0
2.6923077106
4.1538462639
8.1000003815
8.071428299
4.0999999046
7.6666665077
4.4117646217
3.0909090042
4.5
2.8333332539
6.4545454979
2.8125
4.5
3.4117646217
9.3529415131
3.0952382088
4.5454545021
5.25
4.1999998093
1.2000000477
3.1666667461
7.9000000954
2.7000000477
13.9375
2.8333332539
26.8999996185
4.7368421555
2.9200000763
5.875
3.3846154213
6.1875
4.8181819916
3.1818182468
2.875
3.8125
3.5
2.5789473057
3.4545454979
3.7619047165
1.3333333731
8.8333330154
6.75
5.4666666985
6.2727274895
5.6923074722
12.1999998093
16.8571434021
6.9444446564
7.0
7.9047617912
5.0
2.7999999523
4.0
4.2692308426
3.2666666508
3.0344827175
5.0588235855
8.5833330154
3.375
2.0
3.5454545021
5.4210524559
17.5
3.8181817532
4.0666666031
5.3000001907
2.3636362553
3.9047617912
3.5
8.6923074722
49.0666656494
7.0
3.896551609
4.3888888359
4.4285712242
3.0909090042
2.7857143879
4.1999998093
8.8571424484
3.7999999523
8.6666669846
17.7692298889
2.0
2.9090909958
9.1000003815
3.75
6.9393939972
7.7222223282
10.3999996185
2.9411764145
3.8181817532
5.117647171
3.3636362553
8.25
4.1111111641
2.4285714626
4.5555553436
5.5500001907
5.0
2.3809523582
4.6999998093
4.7692308426
6.2727274895
2.5
6.1333332062
6.6875
7.3125
11.7142858505
2.7083332539
3.758620739
1.7272727489
7.9285712242
5.5833334923
5.0625
28.75
3.6842105389
4.608695507
3.3809523582
5.0625
2.7307691574
13.7368421555
2.0
5.347826004
3.75
2.6842105389
3.444444418
2.5882353783
3.2777776718
6.0
14.8999996185
3.0666666031
5.2727274895
9.071428299
14.1666669846
8.5454549789
5.1333332062
4.9600000381
1.75
3.555555582
4.1999998093
46.0769233704
4.3571429253
5.0
20.7999992371
1.7000000477
6.1666665077
2.6111111641
5.6363635063
2.6666667461
12.0769233704
7.9000000954
12.5
2.1428570747
2.5833332539
6.5454545021
2.6086957455
4.0833334923
3.0625
2.8571429253
3.2857143879
9.6666669846
3.0833332539
47.7000007629
5.125
3.4545454979
16.9166660309
6.2142858505
9.4166669846
14.3000001907
4.8800001144
3.4000000954
19.4375
3.2142856121
9.75
8.0
5.5999999046
3.4285714626
2.8666665554
3.1428570747
23.2999992371
2.7000000477
3.5625
2.2941176891
3.0588235855
4.0999999046
4.5
12.882352829
1.9230768681
3.5
11.03125
18.8260860443
9.4333333969
3.75
24.1000003815
4.3714284897
3.125
7.086956501
9.5625
7.764705658
5.2580647469
4.2083334923
8.2941179276
5.0
30.0
4.3125
7.3499999046
5.0999999046
2.1785714626
12.8888893127
3.5357143879
3.8076922894
9.4666662216
3.370370388
19.8999996185
4.2105264664
4.3333334923
3.2307691574
1.7647058964
6.3888888359
9.9473686218
6.7058825493
5.476190567
1.6111111641
5.9473686218
9.0833330154
4.6363635063
8.153845787
9.8000001907
3.0
21.3333339691
12.1818180084
4.6999998093
2.5454545021
2.7999999523
2.2999999523
5.5454545021
6.8181819916
7.7142858505
6.0769228935
13.2727270126
7.1999998093
16.2666664124
8.9677419662
25.5
31.4210529327
2.7857143879
10.7142858505
9.5
7.478260994
18.428571701
12.7307691574
5.4545454979
19.6000003815
9.2857141495
14.6923074722
13.0689659119
9.6666669846
15.6666669846
12.5
10.1333332062
16.0588226318
16.7894744873
8.8400001526
10.2777776718
9.7222223282
13.7272729874
25.8125
5.1999998093
9.0625
16.5599994659
13.25
13.8695650101
5.5
28.6923084259
9.8999996185
5.25
21.5833339691
4.5999999046
6.3225808144
18.5882358551
8.6363639832
9.2173910141
5.8181819916
38.8571434021
7.5999999046
10.8333330154
5.0526313782
12.3999996185
3.875
29.7692298889
12.75
19.3571434021
3.3571429253
22.75
15.4166669846
4.8333334923
5.0
10.3333330154
12.6842107773
2.9090909958
9.2333335876
14.4545450211
10.0833330154
6.4545454979
42.8333320618
12.3000001907
28.1428565979
31.75
48.5999984741
26.3529415131
18.3076915741
7.0384616852
10.4838705063
32.9473686218
14.5769233704
14.2272729874
8.1999998093
18.5
2.5
12.7222223282
10.3999996185
31.928571701
1.3999999762
12.1999998093
5.5
15.1818180084
7.870967865
7.7222223282
15.521739006
8.0294113159
6.2222223282
12.5
53.0
14.6923074722
7.6470589638
35.2941169739
10.7916669846
7.375
23.0588226318
10.9677419662
10.848484993
11.1999998093
23.9473686218
6.2631578445
17.5
11.0
19.2222213745
12.5555553436
13.0
13.2777776718
18.8947372437
12.2857141495
84.5999984741
4.8666667938
6.0588235855
16.8400001526
24.4210529327
11.0588235855
18.9200000763
11.5483875275
4.5
8.652173996
43.0999984741
5.5999999046
9.2758617401
11.6666669846
10.6086959839
11.7692308426
4.2727274895
7.5454545021
10.5
5.0833334923
6.9000000954
21.428571701
12.344827652
8.1999998093
23.7692298889
22.3529415131
20.1875
16.0
6.117647171
6.625
11.0370368958
21.235294342
20.4705886841
12.1764707565
13.8666667938
8.7586202621
18.75
8.3999996185
34.4545440674
18.8181819916
9.9333333969
8.8999996185
9.0666666031
8.25
2.6428570747
5.2666668892
8.3333330154
31.2999992371
15.8999996185
4.5833334923
5.4166665077
12.9090909958
40.2631568909
13.75
9.826086998
9.7857141495
3.4166667461
9.6000003815
4.7692308426
14.2727270126
1.0
6.6666665077
8.3999996185
6.4285712242
7.6999998093
1.75
10.8421049118
9.5833330154
4.8000001907
8.5833330154
14.6086959839
3.7000000477
6.25
2.5714285374
55.0769233704
5.0
4.9000000954
3.5
36.5333328247
9.8000001907
10.3636360168
4.4000000954
8.3999996185
5.75
9.0
3.7272727489
8.2307691574
8.6999998093
12.3333330154
3.7999999523
9.1764707565
14.235294342
7.9166665077
9.9090909958
10.6363639832
7.6363635063
11.6000003815
5.5454545021
10.9090909958
1.6363636255
5.0
5.2727274895
3.9285714626
2.4000000954
11.1333332062
3.5454545021
4.1666665077
3.4615385532
6.9090909958
4.8000001907
11.2142858505
4.9285712242
54.4545440674
2.0
6.5
4.7272725105
12.3333330154
3.7000000477
4.9090909958
2.0909090042
5.9090909958
3.9000000954
7.8000001907
6.5454545021
27.8947372437
47.6363639832
5.7692308426
4.2666668892
12.3076925278
6.75
2.25
2.5
3.0
3.9000000954
3.9000000954
3.1538462639
7.0
4.1999998093
9.3000001907
7.0
2.6153845787
4.3333334923
17.2999992371
31.25
8.8000001907
5.0
11.8421049118
14.3846149445
14.25
5.3636364937
4.2727274895
3.7142856121
1.3846154213
14.8333330154
2.4000000954
3.0
13.8235292435
19.4545459747
8.1904764175
8.6999998093
20.3076915741
14.0769233704
30.2000007629
19.6666660309
12.6999998093
51.5
29.0769233704
34.5
31.0
41.125
24.0434780121
66.3000030518
57.5
34.6666679382
63.6666679382
47.5
39.4615402222
26.0952377319
43.7142868042
38.5999984741
43.7857131958
79.4000015259
26.2941169739
76.5
32.9230766296
18.2999992371
23.5555553436
17.3076915741
28.2999992371
49.6666679382
41.7999992371
13.4516124725
29.0625
36.9411773682
22.1111106873
32.4117660522
22.6875
16.0909099579
31.5333328247
34.5
35.2999992371
30.8947372437
81.2727279663
18.4583339691
61.0
24.9090900421
24.2173919678
31.8571434021
30.3999996185
85.5999984741
19.8095245361
88.5999984741
36.0769233704
32.9000015259
20.3636360168
27.6428565979
27.4166660309
28.3636360168
24.1111106873
34.764705658
34.4375
31.2000007629
16.1153850555
25.7368412018
80.9000015259
24.7272720337
76.4000015259
24.1578941345
66.5454559326
14.0
33.0
82.0999984741
21.1818180084
32.4166679382
22.9411773682
22.2380943298
21.8947372437
27.5294113159
80.0833358765
40.0
61.6666679382
67.3076934814
46.5384597778
26.1538467407
35.6666679382
16.6315784454
33.8235282898
24.9444446564
78.5833358765
30.0
16.7142848969
34.375
29.3500003815
66.8333358765
15.653845787
58.4000015259
33.75
22.0
89.8000030518
30.6000003815
34.7058830261
20.9473686218
24.0499992371
23.9333324432
16.8999996185
13.1052627563
36.2999992371
14.3333330154
26.3333339691
8.4166669846
33.2727279663
15.7857141495
21.75
68.5999984741
10.9090909958
24.2857151031
11.0
22.0909099579
12.6999998093
15.571428299
8.4210529327
11.7931032181
4.75
5.3076925278
5.8666667938
9.5
9.2916669846
12.7241382599
1.0
10.6153850555
