3.0273971558
12.7222223282
10.0
2.6486487389
5.0
24.6666660309
11.8999996185
2.7272727489
3.4814815521
4.3783783913
26.5
3.6111111641
3.7407407761
2.7222223282
3.1818182468
15.0526313782
17.8421058655
3.9642856121
34.6666679382
1.7000000477
54.0
8.8421049118
30.7222213745
7.5454545021
10.928571701
30.8148155212
13.117647171
8.8095235825
4.1666665077
14.6999998093
13.2142858505
2.913043499
4.0952382088
23.0
17.2000007629
2.0
30.7272720337
2.7931034565
4.6190476418
3.0769231319
9.1499996185
29.7999992371
8.3333330154
4.260869503
3.9565217495
3.3076922894
1.6666666269
4.1851849556
8.1578950882
3.7083332539
4.4375
4.347826004
9.8999996185
3.9333333969
6.0909090042
9.1428575516
4.7142858505
3.6666667461
8.6923074722
2.5625
1.2727272511
3.2142856121
7.3000001907
20.7777786255
12.1428575516
19.4117641449
20.7368412018
35.1666679382
28.3125
10.4705886841
7.125
7.2631578445
13.1999998093
11.7142858505
8.4347829819
9.5
10.5882349014
15.0
7.3846154213
70.4545440674
40.2999992371
16.6956520081
18.2666664124
20.5599994659
43.2999992371
20.5789470673
63.2999992371
72.0
28.5
24.75
21.0769233704
12.2631578445
32.2999992371
15.7142858505
20.1578941345
19.2307701111
55.7692298889
13.6363639832
15.3000001907
14.846154213
23.0909099579
12.5
18.3684215546
18.7894744873
