5.3846154213
2.9583332539
2.5185184479
6.9473686218
3.3846154213
3.71875
4.125
9.2173910141
13.2142858505
3.75
3.8235294819
2.2142856121
4.7407407761
3.0740740299
14.6818180084
6.7894735336
2.6666667461
3.5333333015
2.3529412746
9.482758522
4.4800000191
2.6363637447
8.5151519775
13.9166669846
12.875
19.428571701
7.7916665077
13.4222221375
6.2631578445
19.1333332062
5.6666665077
3.6774194241
4.3793101311
4.0555553436
5.8000001907
7.1190476418
5.568965435
4.6393442154
13.3999996185
3.9000000954
2.9473683834
19.5454540253
21.7000007629
32.0
14.2962961197
3.0
3.5999999046
4.382352829
5.1999998093
28.6000003815
6.5999999046
3.739130497
2.8461537361
18.9090900421
3.6111111641
3.6666667461
2.5
5.25
14.2222223282
3.826086998
7.1428570747
5.0833334923
2.4318182468
4.0999999046
6.0769228935
7.5625
1.5
10.4444446564
12.8000001907
20.6470584869
8.8095235825
26.2727279663
3.9333333969
12.7894735336
18.75
11.0
6.75
17.5454540253
17.5833339691
2.2000000477
18.7000007629
7.6363635063
7.4545454979
8.8181819916
26.9444446564
9.4166669846
32.9130439758
3.6666667461
5.5
28.2857151031
26.3333339691
74.6666641235
14.3125
21.4705886841
64.6666641235
57.9411773682
24.1333332062
49.6363639832
21.6000003815
9.3333330154
38.375
30.3846149445
15.6363639832
45.7000007629
76.4000015259
31.4615383148
48.2142868042
58.2142868042
21.8999996185
32.3076934814
