6.7857141495
1.8979592323
2.4400000572
6.2941174507
2.344827652
3.6666667461
10.7027025223
14.6153850555
2.6923077106
16.4333324432
8.8604650497
15.6666669846
3.4848484993
21.0
9.9473686218
6.8181819916
9.0357141495
4.173913002
2.3076922894
4.8461537361
3.25
4.1428570747
12.5116281509
6.5
5.8666667938
3.8666665554
4.8235292435
4.5
3.0
2.9333333969
10.3000001907
2.7826087475
8.0500001907
25.9090900421
3.4642856121
4.0
4.1111111641
2.4000000954
5.4615383148
3.1875
11.6285715103
6.7692308426
12.8095235825
6.1666665077
38.944442749
25.6428565979
11.0
5.3846154213
24.3809528351
8.0833330154
28.4210529327
19.2777786255
10.6428575516
38.2727279663
20.1000003815
11.6000003815
29.571428299
5.0
8.6333332062
10.4666662216
25.0499992371
12.6451616287
14.882352829
25.2105255127
4.2727274895
6.75
11.5789470673
7.25
2.75
18.6000003815
5.7142858505
13.3999996185
7.2142858505
20.2857151031
5.8571429253
14.2307691574
20.5833339691
16.0
13.8000001907
19.7999992371
8.8999996185
17.0833339691
16.6296291351
14.0
24.6818180084
25.2666664124
19.7407398224
20.9090900421
28.1111106873
13.3199996948
26.9411773682
64.8181838989
18.0
27.7777786255
22.0
60.9090919495
41.555557251
19.1538467407
45.2857131958
28.0909099579
19.9230766296
11.25
12.3846149445
22.7999992371
16.3333339691
10.4545450211
13.476190567
6.5999999046
38.7142868042
15.2857141495
9.3636360168
