5.9615383148
12.1000003815
6.4444446564
3.895522356
7.151515007
17.7058830261
4.0
6.826086998
46.5833320618
5.8000001907
4.5227274895
32.1363639832
10.0
38.0999984741
3.3076922894
16.1142864227
3.1388888359
13.3333330154
2.1142857075
3.8367347717
26.1111106873
22.0625
10.5555553436
47.3846168518
19.4848480225
33.4117660522
18.0303039551
9.6842107773
6.7333331108
2.586956501
7.5999999046
4.0243902206
3.3529412746
32.9545440674
4.0285716057
5.25
10.3181819916
2.0
3.434782505
2.4545454979
13.571428299
10.0
5.5333333015
3.1333334446
4.3076925278
8.8999996185
3.7692308426
4.0999999046
4.0
3.5999999046
26.2142848969
9.0625
5.3846154213
25.0
10.34375
9.428571701
6.7307691574
11.952381134
7.739130497
17.2666664124
15.9444446564
13.2941179276
6.9000000954
34.555557251
10.8666667938
11.9333333969
7.75
11.9333333969
16.0769233704
13.7692308426
17.8999996185
46.3125
24.125
33.0909080505
29.235294342
25.882352829
13.625
13.6666669846
43.3333320618
30.6666660309
35.5999984741
58.0
15.25
21.0909099579
27.0
48.1666679382
17.2727279663
13.3999996185
48.4666671753
52.0909080505
20.1818180084
13.1875
12.625
25.0833339691
21.2307701111
9.4375
11.6000003815
20.2000007629
13.9090909958
16.0588226318
16.5263156891
35.1666679382
