4.2380952835
2.9166667461
4.2592592239
3.2999999523
6.9375
33.5
5.5454545021
14.4615383148
11.7333335876
9.6666669846
4.5
29.3076915741
3.2903225422
12.655172348
6.3555555344
12.864865303
11.3846149445
3.9000000954
15.5
7.0
33.4375
4.8461537361
13.6451616287
5.2727274895
9.7096776962
10.5454549789
6.8684210777
8.75
2.2727272511
5.1538462639
5.2307691574
9.8409090042
2.1818182468
26.7058830261
38.7857131958
5.9285712242
9.8125
6.7142858505
10.1999998093
4.6153845787
2.5454545021
13.5384616852
3.4400000572
3.4705882072
5.8000001907
3.2666666508
9.1428575516
3.055555582
6.6111111641
2.4000000954
2.6500000954
8.5
36.4375
3.8947367668
6.4444446564
7.0999999046
14.8999996185
3.4166667461
6.7058825493
5.9583334923
5.0740742683
10.75
5.9285712242
12.1904764175
10.4615383148
7.3809523582
1.9523808956
25.0909099579
5.1875
2.7999999523
4.4615383148
1.9354838133
3.444444418
12.6000003815
4.2307691574
8.5
13.1818180084
14.0769233704
8.3333330154
4.882352829
3.4666666985
10.5769233704
3.8181817532
44.1818199158
24.7692298889
14.0
67.8000030518
11.846154213
12.1000003815
24.1000003815
33.0909080505
53.0
30.6363639832
45.0909080505
30.0
18.2000007629
22.2000007629
63.1818199158
28.0909099579
71.1818161011
11.8500003815
13.3000001907
22.5294113159
