7.5277776718
12.1666669846
61.5
3.505376339
18.702703476
2.2000000477
28.6923084259
5.1470589638
17.6086959839
10.9310340881
74.4000015259
3.826086998
3.3793103695
5.6666665077
9.4333333969
6.5
24.7199993134
32.75
13.8846149445
20.8333339691
4.5
14.0
20.7000007629
9.6153850555
2.34375
10.3999996185
4.9166665077
2.7857143879
34.2941169739
22.0833339691
4.5384616852
3.3888888359
4.4074072838
8.8000001907
9.3999996185
11.764705658
24.125
3.2000000477
10.2142858505
38.2727279663
8.6111106873
4.0740742683
2.6206896305
6.2173914909
8.125
3.9200000763
41.6666679382
16.4827594757
4.6410255432
35.5999984741
24.1666660309
3.7307691574
6.173913002
16.0625
27.2380943298
5.34375
3.9200000763
8.047618866
4.3846154213
6.565217495
32.4117660522
20.2000007629
22.7777786255
22.4137935638
13.9200000763
4.5909090042
22.7058830261
8.0434780121
2.8636362553
5.117647171
3.2318840027
8.9583330154
2.34375
3.3636362553
3.2272727489
1.8076922894
3.6153845787
7.2222223282
9.6000003815
21.0370368958
3.5
15.6666669846
3.1212120056
5.260869503
5.5454545021
8.6666669846
44.0769233704
21.7857151031
2.9772727489
3.75
5.2903227806
48.5
5.9473686218
9.1111106873
28.9230766296
3.2916667461
3.9047617912
7.1458334923
10.25
6.7083334923
8.2439022064
4.5199999809
5.5625
12.6923074722
10.6000003815
35.0
7.7954545021
16.2121219635
11.75
4.4237289429
2.6428570747
4.9692306519
4.2173914909
2.4193549156
8.8000001907
11.1428575516
18.0625
2.8181817532
33.5
16.2666664124
3.4090909958
10.8148145676
16.9230766296
4.2727274895
4.1666665077
5.882352829
3.3488371372
10.5434780121
10.0357141495
3.2352941036
3.434782505
3.6666667461
9.125
5.434782505
11.4615383148
10.84375
6.9473686218
10.0
6.9600000381
3.25
24.0
25.344827652
5.0
14.0769233704
68.1999969482
2.4285714626
19.5833339691
6.8888888359
14.1578950882
2.4411764145
5.4285712242
4.9642858505
21.4666671753
26.4210529327
4.2083334923
10.3684206009
10.129032135
6.9259257317
5.1764707565
20.75
13.0909090042
7.1964287758
23.5
11.1034479141
4.1052632332
9.2075471878
10.5789470673
13.3333330154
11.4615383148
9.3666667938
4.1212120056
12.7142858505
6.6799998283
3.0149254799
3.7037036419
8.5
3.4411764145
54.4615402222
3.0833332539
16.7037029266
4.2631578445
6.6666665077
8.517241478
26.8888893127
21.0
4.6268658638
11.2916669846
10.6666669846
19.8999996185
2.6571428776
3.9024391174
22.4117641449
8.9473686218
18.4230766296
13.4242420197
4.1875
14.547618866
13.5675678253
13.2424240112
15.8947372437
8.6470584869
6.0769228935
29.1904754639
5.5833334923
13.9333333969
5.8636364937
7.625
16.875
26.1599998474
11.625
6.7333331108
4.5
24.3157901764
6.0967741013
4.3600001335
35.6666679382
26.1111106873
7.4375
24.571428299
12.3333330154
6.1111111641
5.5999999046
2.7000000477
16.1851844788
14.7441864014
12.8148145676
13.1590909958
4.7826085091
5.7910447121
3.65625
2.2400000095
7.1999998093
3.5999999046
18.9500007629
14.4583330154
4.4150943756
5.586206913
4.0833334923
5.0714287758
4.1999998093
4.1052632332
6.5
18.4400005341
3.4375
2.4516129494
6.0
11.8965520859
3.8064515591
12.6333332062
14.6428575516
4.0
22.3333339691
3.5217392445
13.5909090042
3.6666667461
5.75
4.0169491768
3.3793103695
10.2631578445
22.8235301971
23.0
3.0
2.3802816868
23.7727279663
15.0833330154
4.3333334923
11.7058820724
8.321428299
23.6666660309
10.4897956848
35.9000015259
4.0724639893
9.9047622681
5.1470589638
8.428571701
39.8666648865
4.3809523582
6.521739006
16.9642848969
8.5
23.5652179718
11.3333330154
2.6428570747
3.0
3.0999999046
10.6444444656
13.2682924271
5.2222223282
4.0208334923
4.3529410362
4.4285712242
4.7903227806
4.8367347717
4.5384616852
3.6666667461
4.8571429253
33.5294113159
16.25
4.0909090042
15.2592592239
21.7241382599
12.2820510864
15.4242420197
16.1818180084
11.153845787
12.7272729874
4.625
6.375
10.1499996185
9.7142858505
14.7241382599
17.3999996185
10.7428569794
2.375
39.2000007629
8.25806427
11.0833330154
4.0
8.625
3.3333332539
5.4705882072
48.4615402222
2.0
20.5789470673
4.1549296379
21.1363639832
18.3714294434
42.7272720337
8.4347829819
7.5999999046
8.0
26.8461532593
3.5999999046
40.5833320618
40.2222213745
24.7999992371
17.7999992371
16.2195129395
51.764705658
6.1500000954
23.7272720337
7.8095235825
9.6000003815
3.4736843109
26.0
28.8947372437
4.8181819916
2.826086998
4.5999999046
7.125
3.75
5.1666665077
6.3333334923
9.1333332062
7.3636364937
12.0
6.8235292435
3.9375
15.5454549789
16.4375
4.0714287758
5.2857141495
0.8999999762
2.3809523582
2.7000000477
8.8000001907
4.8571429253
7.6363635063
3.944444418
5.8571429253
7.4499998093
2.8235294819
13.7250003815
3.1538462639
3.9500000477
3.7692308426
5.3333334923
4.7777776718
11.0555553436
3.5999999046
4.3454546928
7.6666665077
2.5999999046
12.1499996185
2.1111111641
6.9473686218
5.8000001907
3.8421051502
4.0833334923
2.5714285374
5.8666667938
5.6666665077
3.2857143879
5.2368421555
7.7021274567
4.0
2.9166667461
3.1304347515
3.1578948498
5.8125
4.7058825493
7.4545454979
18.2999992371
8.2941179276
5.75
4.7307691574
3.1666667461
3.0
3.3529412746
3.8636362553
4.9090909958
7.5333333015
6.0526313782
5.0
7.0909090042
5.4285712242
2.8666665554
6.2941174507
2.7000000477
5.0833334923
4.913043499
4.7142858505
3.2857143879
5.1333332062
3.4615385532
6.2857141495
4.5945944786
2.3125
7.0769228935
4.8095235825
13.0
3.370370388
2.0
3.2142856121
13.1000003815
4.7291665077
4.1111111641
12.8999996185
4.25
3.0799999237
3.2999999523
2.944444418
19.1538467407
7.4285712242
4.1999998093
2.4500000477
4.3333334923
3.9166667461
7.25
6.25
33.3636360168
2.5999999046
6.1999998093
10.720000267
2.8125
4.4545454979
3.6666667461
4.476190567
3.5909090042
4.7333331108
2.7000000477
4.3333334923
28.1000003815
3.2272727489
5.739130497
4.8000001907
8.1999998093
4.1578946114
7.0999999046
6.0
3.1333334446
4.5
59.2307701111
3.1666667461
3.0999999046
2.3636362553
6.8000001907
5.6875
2.7368421555
2.8461537361
16.6000003815
2.4666666985
9.6000003815
4.0555553436
26.571428299
5.4285712242
37.9090919495
4.3636364937
2.5333333015
7.6999998093
15.1190471649
4.5454545021
29.7999992371
5.375
3.555555582
3.6666667461
3.6923077106
4.3125
5.347826004
7.3571429253
7.391304493
7.0769228935
9.875
11.8181819916
4.8181819916
12.1333332062
3.0666666031
4.7142858505
2.5
15.625
2.9615385532
2.6470587254
3.2000000477
6.0967741013
4.4583334923
7.5882353783
2.6774194241
7.0526313782
5.4000000954
5.1875
3.7857143879
6.5151515007
5.6666665077
6.1904764175
15.3939390182
3.8125
3.5
5.2399997711
5.0833334923
7.764705658
4.5
3.3947367668
5.1999998093
5.2222223282
5.3636364937
1.4545454979
19.75
4.4117646217
7.8461537361
27.8181819916
2.5333333015
1.6000000238
3.4166667461
11.5
7.4736843109
2.4782607555
3.1500000954
2.9375
2.6666667461
7.4444446564
9.6000003815
7.3488373756
3.5
3.9743590355
3.4615385532
5.3939394951
14.0526313782
2.896551609
7.0
4.03125
6.391304493
4.0
3.6538462639
4.5999999046
3.476190567
5.0645160675
27.7999992371
4.4666666985
17.5
3.7037036419
4.3333334923
14.7368421555
6.6363635063
3.2692308426
4.4400000572
5.1578946114
1.9677419662
19.571428299
4.0
7.1904764175
3.625
4.3809523582
23.2857151031
12.8333330154
3.5333333015
6.629629612
4.2105264664
25.0
2.8571429253
10.0
5.9583334923
4.5
6.8400001526
5.1111111641
9.0555553436
4.4400000572
3.3888888359
15.6999998093
4.0
3.1764705181
3.1666667461
8.6428575516
4.9230771065
4.8461537361
5.0999999046
9.6999998093
4.7272725105
3.3333332539
3.9285714626
6.0
2.4545454979
29.047618866
2.0
12.4444446564
10.2727270126
13.7894735336
35.3333320618
7.6206898689
22.8400001526
28.1499996185
8.7857141495
13.625
28.6153850555
21.0833339691
8.2631578445
49.7692298889
11.1851854324
5.3499999046
8.117647171
42.7058830261
3.7857143879
13.3684206009
36.1578941345
4.4375
18.4782600403
8.3428573608
12.129032135
32.5833320618
9.7241382599
18.4210529327
8.1818180084
5.4166665077
25.0625
4.4166665077
20.7272720337
28.0666675568
66.3846130371
12.5
109.099998474
22.375
4.8333334923
17.3333339691
26.375
16.5200004578
9.047618866
47.2000007629
10.1999998093
35.2941169739
8.1851854324
10.1666669846
6.5555553436
12.8666667938
72.0
6.6799998283
4.9285712242
20.2142848969
8.8000001907
8.8571424484
3.5384614468
7.9629631042
5.9655170441
7.3846154213
14.7333335876
21.2727279663
8.2272729874
7.5625
7.9565215111
7.9642858505
8.9393939972
38.0
1.0714285374
18.321428299
6.8499999046
11.4642858505
30.2000007629
7.875
12.6666669846
13.5333337784
13.8000001907
11.6999998093
49.235294342
29.875
55.9000015259
17.125
27.9375
20.6000003815
5.4000000954
7.1199998856
18.0
5.6999998093
17.7058830261
6.1428570747
39.6470603943
11.25
2.7272727489
8.0625
8.347826004
20.0
8.5
16.3999996185
6.6666665077
8.3599996567
7.9375
34.2380943298
4.3181819916
49.4615402222
18.4347820282
20.1764698029
18.5833339691
20.4375
14.8888893127
6.4848484993
11.8999996185
6.0370368958
15.4444446564
8.5428571701
9.2592592239
45.7000007629
6.3000001907
58.0
32.7857131958
11.8125
9.8999996185
31.2727279663
15.8235292435
9.0
5.0799999237
9.826086998
16.9090900421
5.4000000954
10.6666669846
53.0
13.1000003815
9.6000003815
15.0399999619
37.0625
12.1199998856
31.6363639832
11.5263156891
12.6206893921
11.6315793991
9.9583330154
5.9642858505
21.3043479919
11.2142858505
12.1199998856
17.071428299
14.1999998093
5.6470589638
4.9285712242
15.6315793991
18.25
6.7272725105
30.9230766296
2.6428570747
7.3200001717
37.9000015259
22.5294113159
7.5384616852
12.6999998093
15.7777776718
17.4666671753
5.2222223282
8.1000003815
5.7857141495
4.4285712242
3.1333334446
15.0
9.4375
7.4615383148
5.3846154213
24.6000003815
10.1764707565
10.047618866
31.9473686218
36.055557251
8.1481485367
28.5833339691
5.6428570747
10.6000003815
15.928571701
21.25
53.3636360168
8.40625
16.5882358551
14.0416669846
13.4545450211
5.6363635063
18.1052627563
5.8333334923
8.0540542603
19.8333339691
13.4615383148
58.2142868042
2.2999999523
2.0
4.4285712242
17.75
16.0499992371
9.7692308426
9.428571701
9.1599998474
25.7857151031
17.7241382599
15.6000003815
11.0833330154
7.6956520081
4.1904764175
12.9130430222
15.0909090042
38.0909080505
3.3125
18.1578941345
7.3529410362
10.5833330154
5.3076925278
6.8571429253
29.7222213745
9.1199998856
17.5
11.3333330154
7.3611111641
13.3636360168
11.5454549789
13.0
8.7586202621
59.1818199158
5.9375
17.0
30.928571701
28.5454540253
8.6470584869
4.4800000191
5.0909090042
31.5833339691
5.75
22.7999992371
15.0
16.8181819916
11.1999998093
52.0833320618
5.2142858505
6.2142858505
2.3846154213
27.2173919678
22.5
9.2727270126
12.1818180084
1.5454545021
2.9000000954
2.5
7.5999999046
5.6999998093
40.5714302063
9.3999996185
5.0714287758
2.0909090042
6.25
7.6999998093
4.0
5.8666667938
3.8181817532
1.6363636255
2.0833332539
5.1818180084
62.5384597778
5.1818180084
26.3636360168
7.5999999046
2.5454545021
4.4545454979
55.0
11.0
11.3636360168
17.0769233704
9.7894735336
3.4000000954
1.6363636255
51.0
31.3333339691
5.8000001907
54.0833320618
2.7272727489
11.0666666031
3.0
7.8000001907
12.5
6.5999999046
6.8461537361
3.0909090042
46.4666671753
9.9230766296
2.7272727489
6.5
32.0833320618
5.4545454979
4.9000000954
12.0
46.9285697937
16.6000003815
7.6666665077
5.1428570747
12.9230766296
2.2000000477
4.6666665077
4.0
4.4375
1.5
4.1818180084
28.0909099579
49.0
31.9166660309
14.1818180084
4.1999998093
19.1538467407
22.6923084259
9.2666664124
21.6923084259
23.5454540253
11.9333333969
17.1000003815
10.0666666031
23.0833339691
16.8461532593
8.3333330154
14.0833330154
17.2000007629
10.5384616852
18.2999992371
19.4545459747
12.8333330154
15.25
12.3076925278
11.1666669846
15.3636360168
20.7000007629
9.6153850555
12.6999998093
31.9375
36.944442749
50.1333351135
73.9090881348
18.2105255127
38.5999984741
17.2083339691
32.125
22.6923084259
34.0
41.1818199158
74.2727279663
63.8571434021
39.1176452637
22.2000007629
59.4545440674
15.9600000381
64.2727279663
24.571428299
52.7272720337
61.4615402222
9.1999998093
64.3333358765
71.5
19.2727279663
85.1818161011
86.6363601685
25.9411773682
47.3333320618
19.4500007629
21.2941169739
65.9166641235
91.2307662964
103.5
13.5
67.5454559326
93.3000030518
46.4166679382
63.5454559326
30.5
13.6000003815
15.3846149445
65.0833358765
28.8333339691
25.5
27.0434780121
27.0
20.25
32.3076934814
20.8571434021
48.8181800842
31.2777786255
14.7037038803
74.0833358765
27.8666667938
32.6315803528
22.9130439758
39.4666671753
42.1333351135
30.2999992371
17.7272720337
29.2142848969
24.1111106873
60.3636360168
65.0
70.1428604126
47.0
76.5833358765
45.2999992371
20.8125
15.2380952835
72.5999984741
54.8181800842
25.952381134
57.6363639832
56.75
40.5625
53.2727279663
13.5333337784
35.7619056702
14.2105264664
55.5
89.6999969482
78.8333358765
21.2000007629
28.3529415131
38.0714302063
12.0416669846
28.9090900421
31.2777786255
46.1875
90.8000030518
35.2727279663
40.6666679382
21.6666660309
16.6296291351
75.6363601685
18.2727279663
42.7999992371
67.4166641235
24.25
72.0999984741
19.2999992371
37.4210510254
18.3076915741
25.7692298889
15.5454549789
27.75
18.1904754639
26.2941169739
75.4000015259
34.2941169739
37.1363639832
27.7777786255
21.3076915741
17.875
18.4090900421
32.4166679382
32.444442749
23.7777786255
70.75
42.3333320618
29.3999996185
21.7999992371
19.3913040161
52.0714302063
30.6315784454
40.7692298889
23.5
42.375
51.4000015259
22.0
28.5833339691
59.4615402222
75.6363601685
28.071428299
17.1818180084
21.5454540253
22.7037029266
40.7000007629
53.5
33.7857131958
59.2307701111
25.5
12.2399997711
17.2000007629
54.1818199158
26.2727279663
38.9375
57.5999984741
28.4736843109
13.8000001907
64.9000015259
25.8571434021
103.400001526
15.7692308426
17.3333339691
17.5
29.3500003815
14.6363639832
39.625
28.8125
24.571428299
16.8500003815
53.2307701111
61.3076934814
22.8333339691
63.6428565979
112.300003052
32.5833320618
51.9090919495
70.9000015259
33.5454559326
22.8333339691
54.7999992371
10.6923074722
39.5384597778
34.4166679382
27.2000007629
22.6666660309
16.6000003815
31.9166660309
24.6666660309
32.0909080505
25.0
9.5882349014
15.125
14.0769233704
22.6363639832
16.8999996185
30.3999996185
35.7272720337
14.5833330154
20.7272720337
10.6153850555
18.5333328247
15.8333330154
18.0769233704
10.3333330154
24.6363639832
13.9166669846
16.2999992371
14.8181819916
12.6999998093
21.0
11.6428575516
18.1000003815
4.1111111641
5.3000001907
21.5
8.3000001907
6.96875
12.3333330154
5.7692308426
14.1923074722
7.3333334923
15.9047622681
9.1666669846
10.0666666031
9.8181819916
