3.0666666031
3.6190476418
4.2619047165
4.875
5.103448391
11.8181819916
4.2093024254
8.810344696
22.8799991608
4.260869503
9.0769233704
23.4615383148
2.7333333492
12.1935482025
3.7058823109
16.7083339691
4.4600000381
8.8125
3.6129031181
8.1698112488
7.3600001335
1.407407403
7.25
5.4444446564
24.6842098236
8.0
16.9047622681
2.9333333969
15.2727270126
17.5625
4.0588235855
17.9444446564
9.2105264664
6.6666665077
17.0
11.882352829
5.4090909958
5.0
4.5555553436
3.8461537361
5.7692308426
7.6500000954
8.9411764145
5.4090909958
16.2000007629
3.9230768681
2.4000000954
3.4375
2.7999999523
4.0
11.3999996185
5.1999998093
9.3999996185
1.5714285374
1.3846154213
10.7894735336
34.8421058655
9.4166669846
7.9166665077
8.3571424484
19.0588226318
19.117647171
27.7999992371
41.9000015259
7.5675673485
8.2068967819
1.538461566
41.6666679382
22.25
22.375
19.75
20.6153850555
20.071428299
11.1999998093
15.6153850555
17.0833339691
13.5
14.0909090042
16.2000007629
20.1000003815
17.6000003815
14.6999998093
38.3333320618
26.071428299
9.4545450211
27.75
21.2666664124
25.5909099579
29.6666660309
28.0588226318
30.25
32.4545440674
33.6363639832
30.8571434021
16.6363639832
19.0
39.4000015259
13.8125
22.25
30.6153850555
28.1818180084
17.6923084259
18.1000003815
10.1818180084
8.6000003815
9.173913002
7.5882353783
12.6666669846
