7.8444442749
3.6463415623
4.0
4.5806450844
2.8928570747
3.0322580338
4.2058825493
33.0454559326
39.3076934814
5.6666665077
14.8846149445
6.0434784889
7.9000000954
22.5599994659
8.4545450211
5.3333334923
3.0833332539
2.7222223282
9.0526313782
22.9333324432
1.7999999523
4.1052632332
7.2045454979
3.8888888359
6.4259257317
3.4482758045
12.6842107773
2.9000000954
12.6875
34.9166679382
4.5714287758
5.7826085091
4.0740742683
3.344827652
3.5333333015
9.4615383148
10.5500001907
4.7368421555
2.75
3.4000000954
25.428571701
12.3529415131
11.4210529327
2.7999999523
3.1333334446
7.7826085091
6.3200001717
4.391304493
20.3636360168
7.4666666985
3.9600000381
3.8181817532
9.3000001907
3.6428570747
15.3333330154
27.6000003815
3.8571429253
2.7999999523
6.8571429253
5.625
22.1111106873
12.1499996185
16.428571701
15.0
17.7999992371
11.5263156891
16.3846149445
12.8333330154
20.3636360168
13.5909090042
8.347826004
32.6666679382
5.0
11.8999996185
28.6363639832
5.9000000954
27.9090900421
18.5
15.7272729874
13.7272729874
22.2727279663
10.0
19.1000003815
28.0
20.0909099579
87.8000030518
32.7272720337
17.2999992371
82.6999969482
17.6470584869
23.5
56.0
19.0909099579
28.25
20.7272720337
14.8181819916
17.25
26.3999996185
40.3636360168
19.8999996185
5.3000001907
14.8999996185
