8.5882349014
9.2692308426
1.7142857313
8.6888885498
4.5882353783
9.7894735336
10.6666669846
27.9411773682
3.7741935253
6.8846154213
5.586206913
2.814814806
8.5
3.8333332539
6.476190567
26.6428565979
8.0
4.1153845787
17.0
11.7600002289
4.6585364342
4.4615383148
11.5
15.6363639832
22.0
14.3529415131
13.75
4.8400001526
3.9285714626
3.652173996
8.3636360168
3.4210526943
6.0
1.5499999523
6.5454545021
6.6956520081
10.0
2.7352941036
2.5
7.0500001907
7.1764707565
2.7272727489
7.6363635063
3.3461537361
4.875
1.3846154213
32.5
3.4545454979
5.6315789223
19.1818180084
9.125
3.6470587254
5.0
5.0625
2.8461537361
7.9285712242
15.0
3.6923077106
5.4166665077
1.1333333254
5.2142858505
5.25
3.625
5.4000000954
11.3636360168
9.2068967819
9.74193573
11.1875
14.1818180084
21.3333339691
35.7000007629
16.9500007629
9.1904764175
29.3076915741
20.8999996185
9.6428575516
8.25
12.9166669846
15.5454549789
11.9090909958
27.1538467407
61.75
28.6666660309
17.7999992371
34.5
20.1000003815
29.0769233704
29.8999996185
27.2000007629
13.3636360168
8.0
9.3076925278
22.3999996185
6.0999999046
17.4545459747
11.75
20.2000007629
10.4545450211
17.2727279663
50.0769233704
17.8999996185
