2.5
3.9375
3.0
21.3333339691
24.5454540253
3.4782607555
10.5333337784
14.5294113159
15.7333335876
3.0344827175
6.2222223282
8.1395349503
4.1999998093
7.3488373756
2.7200000286
2.5853657722
4.310344696
6.25
4.3125
5.0399999619
7.9499998093
18.0
2.565217495
4.189655304
6.6363635063
5.4864864349
3.3076922894
5.0952382088
22.2999992371
5.4666666985
26.3125
4.2173914909
20.5454540253
3.0
5.125
15.1818180084
3.8888888359
30.1333332062
4.5
7.9000000954
24.3333339691
25.1111106873
6.8333334923
9.1428575516
9.153845787
7.0
7.6666665077
7.3636364937
5.3499999046
20.125
22.6153850555
7.25
9.6363639832
26.1578941345
4.5833334923
18.1538467407
16.6499996185
21.7999992371
22.8333339691
16.0666675568
11.9259262085
26.6875
6.75
30.235294342
12.3999996185
6.9333333969
8.7931032181
6.1818180084
10.1818180084
4.3000001907
4.9473686218
4.25
3.4166667461
8.3000001907
5.0
2.9090909958
4.5454545021
11.8888893127
2.8571429253
16.6000003815
7.3000001907
12.3999996185
14.6666669846
8.0
46.4166679382
17.0
81.6666641235
19.7777786255
22.4090900421
31.4117641449
46.1818199158
20.7000007629
42.2666664124
29.6666660309
25.6666660309
18.9599990845
8.8999996185
34.6923065186
21.9090900421
17.7000007629
24.428571701
13.9090909958
35.5
32.0833320618
13.8999996185
