17.3703708649
4.6666665077
5.8928570747
20.2000007629
63.75
10.0
36.3888893127
28.9230766296
13.6052627563
10.9499998093
8.0232553482
46.9090919495
15.0666666031
6.5749998093
3.625
27.3157901764
7.5909090042
11.7179489136
9.8604650497
27.3999996185
16.8205127716
23.571428299
3.46875
19.6666660309
10.7894735336
2.7999999523
8.4210529327
7.0769228935
27.2999992371
28.2941169739
4.8918919563
4.0384616852
2.9090909958
4.7727274895
3.3599998951
4.7894735336
3.0999999046
4.3157896996
3.6400001049
4.7199997902
2.6071429253
7.1999998093
8.75
4.8000001907
7.9473686218
5.4166665077
17.3333339691
2.1666667461
4.1666665077
1.5454545021
4.4166665077
8.8999996185
11.2631578445
45.8571434021
11.5625
44.7272720337
11.1333332062
8.3913040161
10.1818180084
13.4499998093
18.6666660309
53.9230766296
16.2173919678
12.1764707565
14.6363639832
20.2666664124
9.4117650986
13.0
19.9411773682
22.428571701
20.571428299
19.8999996185
49.0999984741
7.8333334923
11.9090909958
16.8999996185
23.0
39.7857131958
30.0769233704
60.9000015259
18.8666667938
24.764705658
16.3684215546
35.3888893127
23.3076915741
14.1000003815
28.7272720337
22.1111106873
33.5833320618
45.7999992371
30.6842098236
27.071428299
31.4166660309
52.0
17.0588226318
35.9166679382
18.3999996185
33.5999984741
46.0999984741
23.2857151031
28.4545459747
19.3999996185
13.8000001907
22.0
22.6000003815
18.7999992371
13.3846149445
16.5
9.0833330154
22.0
14.1999998093
8.2727270126
41.4000015259
