2.7058823109
3.5666666031
8.8599996567
13.1818180084
2.3928570747
4.0967741013
6.476190567
18.1739139557
5.627450943
4.3529410362
6.6363635063
22.7037029266
35.3125
9.75
4.2794117928
10.1875
3.3902440071
7.521739006
17.0
33.2000007629
3.5357143879
20.2727279663
4.5576925278
3.6666667461
4.6999998093
8.6470584869
3.3333332539
3.3076922894
3.6666667461
7.3157896996
4.0999999046
4.478260994
13.1875
3.7045454979
5.0909090042
10.0
5.8125
4.3000001907
5.9411764145
21.125
4.8461537361
3.8709676266
3.555555582
11.7222223282
4.5185184479
3.8695652485
4.391304493
5.8333334923
3.2083332539
5.5416665077
4.0769228935
3.173913002
5.8636364937
6.1052632332
3.1052632332
2.7692308426
9.6363639832
9.8000001907
6.0769228935
4.5
5.5
8.1999998093
7.2727274895
3.9090909958
12.9166669846
6.5555553436
9.5454549789
19.7777786255
34.4375
1.6923077106
7.4545454979
11.1499996185
12.1000003815
26.4666671753
15.1499996185
14.1999998093
21.2999992371
20.5
10.8695650101
9.7272729874
13.75
29.0
14.1999998093
6.4000000954
6.5
17.8571434021
8.7391300201
25.5384616852
16.2999992371
18.6428565979
13.7857141495
29.0909099579
17.5
27.1818180084
26.6000003815
36.7999992371
34.4375
12.9230766296
52.8181800842
35.0666656494
19.9615383148
40.75
23.2941169739
18.571428299
33.7999992371
26.3333339691
41.5384597778
10.9499998093
12.3000001907
16.1818180084
13.9166669846
15.5454549789
21.1000003815
26.7999992371
11.0
32.0833320618
9.9499998093
7.0
