2.9090909958
26.3333339691
7.235294342
43.8333320618
3.2142856121
12.9333333969
3.4666666985
4.1666665077
2.1600000858
31.8571434021
6.8499999046
5.5333333015
5.0999999046
26.4137935638
4.6071429253
4.9275360107
5.5277776718
3.5
4.9444446564
9.8421049118
2.7666666508
2.2380952835
2.1428570747
7.0952382088
33.0
3.6052632332
3.4375
4.4000000954
6.391304493
4.4375
3.7307691574
6.5
4.40625
3.4705882072
4.5555553436
6.347826004
4.6190476418
22.8999996185
10.571428299
3.9230768681
4.7777776718
2.25
6.6363635063
3.8666665554
6.4000000954
4.25
4.5
6.1999998093
11.153845787
18.6923084259
9.1818180084
12.3125
30.1333332062
11.4799995422
4.4705882072
7.5714287758
26.9473686218
8.346154213
19.125
37.5714302063
12.3000001907
15.4444446564
17.5652179718
24.0
6.7741937637
10.5909090042
13.8846149445
14.9090909958
21.7999992371
17.117647171
7.103448391
14.5
7.1999998093
7.9200000763
14.875
24.75
13.2272729874
7.0
27.2727279663
13.0
6.1818180084
4.3076925278
1.6000000238
25.1666660309
8.1875
16.4615383148
7.8571429253
16.9166660309
15.1666669846
14.25
21.7000007629
13.6999998093
46.0999984741
17.0
15.8000001907
39.8571434021
42.8461532593
45.3333320618
27.5384616852
52.8181800842
37.4285697937
34.5714302063
59.75
53.3846168518
34.9411773682
42.2666664124
22.3529415131
41.0666656494
40.4285697937
23.8333339691
20.2999992371
17.6363639832
23.4166660309
23.875
43.8461532593
10.6000003815
18.3999996185
17.2727279663
20.1000003815
5.5333333015
