7.8076925278
2.5499999523
22.5454540253
9.6875
10.928571701
8.6875
7.3902440071
11.9069766998
2.75
5.8222222328
18.1818180084
8.4705886841
24.9333324432
80.6999969482
5.4800000191
8.1000003815
4.1111111641
3.8461537361
24.6363639832
3.5
5.5999999046
3.5714285374
3.4032258987
9.1489362717
4.7142858505
3.3902440071
5.9583334923
12.2631578445
4.7894735336
21.8999996185
6.0645160675
14.9230766296
31.2592601776
4.0526313782
11.7857141495
3.2000000477
4.6999998093
7.3000001907
3.5599999428
5.8000001907
8.375
3.6500000954
6.25
3.944444418
4.3636364937
4.6666665077
4.952381134
9.3636360168
20.4827594757
3.6666667461
1.8421052694
13.2727270126
3.9285714626
7.1818180084
4.0555553436
12.9166669846
22.0
8.1818180084
5.2380952835
4.1363635063
3.6666667461
2.8333332539
2.7692308426
3.2631578445
21.7857151031
8.846154213
9.2608699799
5.5833334923
4.0999999046
7.4545454979
6.6875
12.2777776718
5.6956520081
23.6000003815
7.1818180084
12.75
11.6153850555
17.8571434021
33.5882339478
8.7391300201
5.2142858505
41.7333335876
8.0
7.6153845787
4.7272725105
13.2727270126
11.6000003815
5.2727274895
4.0909090042
4.8000001907
2.5
3.2352941036
18.8999996185
19.7000007629
16.5333328247
27.0909099579
12.4545450211
27.1818180084
17.1428565979
73.6999969482
26.4615383148
20.7000007629
14.3333330154
49.5333328247
14.1999998093
19.523809433
18.571428299
54.8461532593
23.5454540253
19.5
18.7368412018
36.1818199158
15.9230766296
24.7999992371
15.8000001907
3.0
