22.6923084259
2.6774194241
1.6774193048
21.2000007629
18.3076915741
3.0540540218
14.0
10.8571424484
2.6315789223
6.2399997711
11.8965520859
4.4000000954
4.8000001907
4.5294117928
3.0
20.4615383148
15.1818180084
5.125
7.5952382088
7.510638237
5.3142857552
4.1052632332
4.375
20.51612854
15.8421049118
14.5333337784
3.706666708
10.3333330154
8.875
10.34375
14.8947372437
8.3793106079
19.8999996185
3.0285713673
10.4499998093
6.4285712242
2.8285713196
32.2999992371
6.625
20.8125
3.4074075222
34.375
3.5384614468
12.5789470673
19.2142848969
12.75
1.6363636255
5.0666666031
7.4545454979
2.4166667461
18.1333332062
41.7000007629
25.5
12.1999998093
12.8333330154
18.5294113159
7.4838709831
7.6818180084
13.3888893127
4.1999998093
10.1818180084
33.8888893127
50.7272720337
10.8064517975
3.5714285374
7.3200001717
9.1428575516
11.4499998093
20.6363639832
24.9375
12.3846149445
12.0322580338
12.4545450211
40.0
14.75
14.7692308426
12.3571424484
20.3636360168
20.7199993134
13.1818180084
72.9090881348
28.6153850555
37.1428565979
26.4736843109
28.7272720337
15.2916669846
49.5999984741
35.0625
22.3125
25.6666660309
32.7391319275
44.4117660522
24.6000003815
21.7999992371
19.2941169739
42.3333320618
69.7272720337
18.9444446564
23.5
43.4375
41.0769233704
35.8461532593
14.1875
10.117647171
19.3333339691
17.1818180084
28.0
16.8999996185
18.9090900421
16.2142848969
14.5600004196
10.2105264664
