15.7142858505
34.9000015259
3.7777776718
35.3636360168
11.3783779144
20.6666660309
35.2941169739
6.1063828468
46.9090919495
22.8666667938
4.1555557251
11.3928575516
15.1818180084
35.375
4.15625
15.1363639832
7.0
13.5757579803
3.6666667461
5.241379261
10.3529415131
2.8888888359
10.6923074722
50.6666679382
9.3333330154
43.3636360168
11.4482755661
18.0666675568
11.5
23.5
10.428571701
5.9629631042
4.375
4.9473686218
16.0
13.6111106873
5.6818180084
4.5599999428
11.3888893127
5.4285712242
7.2399997711
5.2380952835
7.2941174507
3.3333332539
6.1666665077
1.4705882072
7.4000000954
6.9375
5.5999999046
3.6666667461
10.25
58.9166679382
15.8500003815
8.46875
13.9130430222
15.1499996185
9.2916669846
11.1818180084
11.3809528351
18.3999996185
23.2000007629
72.0909118652
61.5
4.5833334923
29.3076915741
25.3076915741
31.5454540253
35.2727279663
11.4705886841
14.6999998093
11.7142858505
30.6000003815
15.3636360168
23.0869560242
25.5499992371
42.6923065186
17.1304340363
18.7619056702
32.5
34.6153831482
68.3636398315
14.9600000381
28.1333332062
45.0
24.4705886841
56.4000015259
19.1578941345
68.5999984741
41.0769233704
36.3333320618
34.4166679382
52.0909080505
17.5
26.7692298889
35.9000015259
10.3125
44.6363639832
16.3333339691
14.2857141495
14.5333337784
38.3636360168
18.5833339691
33.7999992371
15.1000003815
14.5600004196
7.4000000954
18.6923084259
