19.15625
4.051281929
3.6315789223
18.8461532593
4.6666665077
7.0909090042
11.652173996
3.1764705181
15.9629631042
2.1538462639
11.2857141495
4.7272725105
5.25
4.2096772194
36.0999984741
41.2000007629
4.0188679695
7.2272725105
3.0930233002
3.652173996
7.6666665077
5.2307691574
4.347826004
3.8235294819
6.4545454979
4.5
5.375
5.2727274895
2.6428570747
6.2307691574
2.523809433
4.9090909958
4.4166665077
6.0
11.0
10.0
11.3999996185
10.1199998856
3.7058823109
4.5909090042
6.103448391
8.0
1.4347826242
15.5333337784
7.4090909958
7.952381134
7.5
4.9166665077
1.5833333731
7.913043499
18.0
62.6428565979
9.235294342
21.6470584869
2.0
2.4285714626
6.8636364937
8.1000003815
28.1538467407
28.3999996185
2.1538462639
22.3913040161
40.9333343506
26.652173996
5.75
32.3846168518
5.6666665077
40.25
39.6153831482
13.6153850555
7.0
29.7272720337
24.4500007629
14.5
7.3125
9.2857141495
13.9354839325
7.5833334923
24.5833339691
6.1428570747
2.4166667461
3.5454545021
4.4166665077
16.4545459747
11.3846149445
21.3684215546
57.9000015259
19.6000003815
25.0833339691
36.8461532593
44.7142868042
26.0
20.5384616852
25.3636360168
20.3571434021
23.6499996185
11.764705658
18.5
10.1818180084
9.6000003815
18.7368412018
9.0952377319
9.8181819916
