22.6428565979
2.9375
7.608695507
18.4166660309
2.9523808956
8.1395349503
10.3714284897
3.7999999523
5.4285712242
2.5853657722
12.2444448471
3.9487178326
6.0399999619
10.7241382599
42.9166679382
11.4615383148
1.8611111641
5.75
2.8888888359
2.9000000954
5.4666666985
6.8666667938
4.391304493
20.5454540253
4.4166665077
3.6875
10.1578950882
7.3333334923
3.5151515007
4.4736843109
8.235294342
23.7272720337
4.7692308426
1.9583333731
3.7916667461
2.3333332539
3.2777776718
8.0625
6.3333334923
2.8666665554
6.5384616852
5.125
5.5714287758
2.0
4.5
7.8125
1.6923077106
2.9333333969
43.6363639832
8.4444446564
15.5500001907
12.6666669846
17.2916660309
7.6666665077
18.6363639832
31.9500007629
17.2666664124
25.0
21.7999992371
29.7142848969
26.6875
17.0
7.2580647469
19.3333339691
8.5416669846
8.346154213
16.6000003815
20.5294113159
33.5789489746
18.4736843109
18.5833339691
29.0
18.3333339691
16.3999996185
18.8666667938
23.5384616852
12.2222223282
11.25
9.428571701
17.1000003815
10.9090909958
15.1666669846
12.3999996185
8.4545450211
55.0
73.4000015259
25.882352829
81.6666641235
80.6363601685
22.4090900421
15.7142858505
31.4117641449
39.8666648865
21.8999996185
42.2666664124
21.0666675568
50.6153831482
9.7407407761
20.0
19.0769233704
17.4615383148
34.6923065186
22.5
53.0
36.0
23.4545459747
18.5
40.0
35.5
19.1000003815
30.3999996185
13.8999996185
12.8000001907
