9.0
7.3249998093
10.7058820724
7.0
9.3076925278
5.3888888359
2.6666667461
4.2249999046
5.9230771065
4.6666665077
8.0980396271
20.4117641449
2.1500000954
6.8518519402
5.9333333969
31.5
10.1875
3.0175437927
4.5636363029
2.34375
41.4545440674
18.7999992371
14.6315793991
3.7000000477
2.0714285374
8.125
24.5416660309
3.1764705181
8.3636360168
5.1428570747
4.71875
8.9772729874
2.7999999523
15.7142858505
30.6499996185
29.0769233704
7.5333333015
14.8518514633
7.0697674751
21.9500007629
14.0
3.1481480598
17.9130439758
4.068965435
3.826086998
5.0384616852
3.5714285374
2.7142856121
26.0
17.8717956543
3.0
31.3333339691
5.2692308426
6.0833334923
3.1428570747
6.1463413239
7.5500001907
11.7254905701
34.7894744873
5.4318180084
5.0999999046
4.5510206223
3.1749999523
8.2222223282
3.3333332539
14.0
23.9599990845
12.3333330154
4.0909090042
4.5813951492
13.153845787
5.6610169411
5.6615386009
17.178571701
6.0408163071
44.75
2.7272727489
3.4629628658
9.7755098343
24.2307701111
6.5999999046
8.375
22.148147583
73.3636398315
5.8571429253
7.0625
6.4615383148
10.7222223282
7.8421053886
4.5116276741
6.125
7.1599998474
9.9750003815
3.5714285374
4.0704226494
27.3636360168
4.8600001335
14.2702703476
50.0
20.7619056702
24.6666660309
2.5999999046
16.5
3.6774194241
6.1428570747
7.875
11.4545450211
3.4259259701
23.5
7.0625
4.1428570747
3.8333332539
11.5
5.6470589638
13.071428299
24.0
4.8809523582
11.4615383148
4.9166665077
7.0857143402
36.6428565979
26.7619056702
8.9333333969
17.4545459747
5.0
14.0588235855
4.517241478
9.8571424484
34.315788269
3.555555582
10.7857141495
12.25
7.2916665077
25.8999996185
7.4000000954
4.2826085091
11.7083330154
12.2105264664
26.7777786255
3.1395349503
32.2400016785
3.6363637447
3.9600000381
18.3846149445
23.6923084259
8.9375
47.0
12.3793106079
27.9166660309
11.0666666031
14.9166669846
3.6538462639
16.6666660309
21.3999996185
26.7142848969
2.7142856121
4.3518519402
10.2727270126
7.2075471878
7.9722223282
25.2000007629
7.103448391
16.3421058655
4.4117646217
4.6190476418
5.8461537361
2.8399999142
3.8235294819
23.428571701
18.5833339691
15.0833330154
14.6363639832
20.51612854
5.0
5.5
18.0
20.0526313782
9.2093019485
4.2105264664
3.0967741013
7.2931032181
2.7222223282
3.0740740299
3.7599999905
3.3333332539
17.25
2.9393939972
2.1538462639
6.3947367668
5.4482760429
25.8999996185
21.9565219879
8.6451616287
3.5
8.9142856598
4.5454545021
28.125
18.8333339691
28.1818180084
20.047618866
15.1428575516
8.7142858505
4.6666665077
49.9000015259
3.3513512611
28.6363639832
4.9302325249
6.7446808815
31.764705658
3.9722223282
13.5757579803
7.0535712242
2.4285714626
10.0666666031
22.3529415131
3.882352829
7.0909090042
50.3636360168
3.46875
4.21875
18.8500003815
4.327272892
8.3636360168
29.7931041718
28.7894744873
4.5
7.5
5.7555556297
4.75
3.2631578445
3.8611111641
5.2800002098
6.952381134
1.8666666746
12.8999996185
5.25
19.3333339691
24.1428565979
4.4000000954
3.2777776718
15.25
6.7777776718
3.5714285374
7.7272725105
4.1538462639
5.8000001907
17.5
6.764705658
2.875
3.7857143879
5.8947367668
14.6000003815
5.2307691574
13.1818180084
1.8461538553
4.0833334923
13.8000001907
10.3571424484
4.0967741013
13.8235292435
8.5454549789
3.0833332539
3.2666666508
3.652173996
24.5
3.4500000477
3.6749999523
6.0
12.2777776718
2.931034565
4.3043479919
9.4545450211
3.2222223282
4.0
5.6075949669
7.0
8.9444446564
3.1627907753
6.6666665077
6.0909090042
2.5925924778
10.4814815521
6.5
3.6263735294
3.4285714626
11.7333335876
6.347826004
5.3142857552
4.6666665077
7.6315789223
3.8571429253
2.7941176891
4.6666665077
4.8095235825
3.2325582504
3.25
3.6875
1.8333333731
7.4705882072
3.6444444656
11.7368421555
5.6923074722
4.8000001907
4.0833334923
4.9411764145
4.5384616852
6.0434784889
20.8636360168
4.8648648262
4.5833334923
13.9583330154
4.6470589638
4.1707315445
7.9545454979
4.2727274895
5.235294342
17.3571434021
2.9583332539
29.75
2.5625
3.241379261
11.8000001907
2.370370388
5.235294342
2.2857143879
6.0
3.3214285374
15.3888893127
6.391304493
14.652173996
3.5128204823
11.1333332062
9.1153850555
4.7222223282
2.7619047165
2.8947367668
8.1904764175
3.6666667461
2.4210526943
4.5714287758
4.758620739
4.34375
2.2307691574
4.8181819916
4.5999999046
3.7857143879
16.1538467407
6.3000001907
14.4444446564
3.4571428299
4.7142858505
29.3333339691
2.9000000954
20.9090900421
8.1428575516
2.068965435
3.7333333492
3.1481480598
4.1428570747
4.6363635063
18.8125
13.8888893127
8.4210529327
2.4193549156
20.5833339691
3.5999999046
9.3500003815
7.3499999046
4.7692308426
4.758620739
12.1875
2.8695652485
4.476190567
7.0
23.7999992371
9.6363639832
6.9545454979
4.7333331108
10.5
4.9333333969
11.1999998093
3.7692308426
6.6875
8.571428299
2.7692308426
12.5454549789
4.0
4.5599999428
3.5999999046
2.6666667461
5.739130497
8.3999996185
1.8846154213
23.0833339691
2.6129031181
5.1111111641
8.0
4.344827652
4.6956520081
10.0769233704
2.9166667461
11.0588235855
9.0
2.3333332539
1.9411764145
4.5555553436
4.4210524559
22.7142848969
4.4074072838
10.571428299
4.1111111641
7.5294117928
2.2592592239
5.7058825493
3.2380952835
3.0
6.9565215111
13.0
2.7000000477
5.2727274895
7.3043479919
5.4736843109
5.8421053886
8.0
4.4285712242
4.0909090042
14.0
9.4117650986
3.0
3.7407407761
6.260869503
2.5384614468
1.6666666269
2.055555582
4.482758522
3.5
12.6666669846
2.9000000954
5.2727274895
4.1379308701
4.4545454979
3.5769231319
1.8400000334
5.0666666031
3.0399999619
2.0476191044
2.3666665554
26.0
4.0
1.4761904478
4.2083334923
14.1764707565
5.4285712242
2.8461537361
11.5384616852
7.5882353783
8.571428299
10.153845787
11.0625
6.4210524559
12.7142858505
4.2380952835
3.6153845787
8.1000003815
4.875
14.3157892227
8.428571701
5.7199997902
4.8461537361
2.75
9.1999998093
3.9523808956
8.6999998093
9.5882349014
10.875
6.5833334923
7.5384616852
4.2962961197
4.0
6.5625
3.3684210777
9.6470584869
1.9090908766
5.9230771065
3.2000000477
6.5384616852
7.5
4.3333334923
12.1666669846
2.2307691574
3.117647171
3.2666666508
3.9000000954
7.0
2.8125
4.235294342
2.7058823109
5.0833334923
3.3636362553
6.8461537361
5.0
2.8947367668
7.5294117928
7.1875
3.5454545021
2.3499999046
6.7142858505
1.8571428061
4.6470589638
6.5625
4.9375
3.9047617912
10.8000001907
4.2222223282
18.0909099579
3.7692308426
5.2142858505
6.2727274895
2.7777776718
1.6000000238
2.0588235855
1.7999999523
3.7999999523
4.9375
3.8333332539
3.0
3.1666667461
3.0
4.4615383148
4.0999999046
4.6363635063
4.2727274895
2.2000000477
4.8461537361
2.5
5.0999999046
7.0
18.6666660309
17.6666660309
9.5357141495
12.9411764145
9.9130430222
45.8571434021
21.2941169739
24.1818180084
8.3999996185
14.3913040161
14.0
1.6923077106
13.0909090042
28.8235301971
10.0454549789
16.8095245361
5.9230771065
16.8999996185
15.428571701
12.1428575516
15.6666669846
26.5
38.764705658
8.0
27.5263156891
8.46875
8.6428575516
14.7894735336
41.2000007629
28.9333324432
27.5454540253
3.8181817532
10.428571701
5.0
24.0416660309
15.1666669846
11.1052627563
26.0
12.5454549789
38.2727279663
16.25
7.0
12.6666669846
11.0454549789
18.3076915741
23.0833339691
20.3333339691
10.4666662216
34.9000015259
8.7307691574
16.428571701
13.0
3.6363637447
11.8620691299
23.625
9.2916669846
30.0
17.7999992371
6.4615383148
7.739130497
15.6666669846
7.2727274895
20.235294342
25.1764698029
10.0
10.2666664124
15.3333330154
39.5833320618
13.75
10.3999996185
16.5789470673
8.6111106873
19.4500007629
10.3999996185
14.8888893127
5.9090909958
19.0555553436
55.4615402222
18.2000007629
45.2727279663
18.1875
24.1363639832
28.6923084259
18.3999996185
33.6666679382
20.6666660309
44.2727279663
21.3333339691
20.235294342
15.8000001907
32.0
11.1764707565
12.6818180084
13.4499998093
8.6999998093
14.4210529327
10.689655304
10.8000001907
10.0833330154
11.5384616852
54.5454559326
25.3999996185
9.071428299
17.8999996185
5.5454545021
37.75
17.2727279663
15.0
4.1428570747
7.6666665077
11.6923074722
18.0833339691
17.7777786255
5.2222223282
9.1428575516
51.6923065186
5.3846154213
29.6428565979
18.0833339691
6.1818180084
6.4166665077
22.3529415131
6.0588235855
29.0
29.0
5.5625
10.8695650101
3.8888888359
7.4400000572
8.1304349899
21.7999992371
7.4166665077
19.6875
8.0909090042
30.6428565979
9.347826004
4.1363635063
3.9285714626
13.347826004
35.2941169739
10.5769233704
26.1875
7.1666665077
3.523809433
9.0666666031
19.0
14.6363639832
20.7999992371
30.9090900421
61.5
21.1875
21.1428565979
12.8387098312
37.2307701111
5.5999999046
4.0909090042
67.3333358765
2.4166667461
17.0
2.2307691574
3.5999999046
14.6999998093
26.2380943298
14.8125
6.9090909958
2.6363637447
10.6842107773
12.5555553436
15.3125
12.0
16.1666660309
34.3636360168
14.5263156891
18.5
18.3500003815
7.0
11.3157892227
20.0769233704
17.3999996185
24.3999996185
30.1666660309
13.1999998093
23.4615383148
14.4545450211
5.7857141495
22.6428565979
14.3000001907
17.6923084259
31.2000007629
13.882352829
9.8235292435
7.8333334923
12.5555553436
19.928571701
19.9090900421
16.0769233704
22.6666660309
26.4545459747
8.3999996185
16.071428299
11.9230766296
16.2727279663
14.6923074722
10.5
14.8999996185
16.9090900421
11.8333330154
9.1666669846
12.153845787
12.8999996185
11.5
10.6000003815
16.4545459747
13.6000003815
8.4166669846
8.75
11.8999996185
32.7142868042
18.1052627563
25.0
58.8333320618
33.0
47.0833320618
33.875
39.7857131958
87.4000015259
43.055557251
33.7142868042
23.3333339691
19.4705886841
12.8333330154
50.0
35.5
15.6499996185
40.75
26.8500003815
100.363639831
8.4117650986
56.7000007629
12.4705886841
42.6923065186
39.2666664124
38.5999984741
35.2999992371
19.2916660309
47.75
28.0
37.6956520081
28.3571434021
23.5625
51.0909080505
51.0
23.75
17.1904754639
11.9259262085
45.3125
59.2000007629
73.0909118652
35.6666679382
46.3636360168
52.0
18.0
78.9000015259
18.75
85.7272720337
17.1904754639
28.9583339691
32.5
32.5
77.0999984741
34.6153831482
21.7333335876
30.6666660309
19.9500007629
22.0833339691
41.4166679382
44.2999992371
31.1333332062
25.6363639832
45.0
34.9090919495
67.7647094727
47.7272720337
20.2631587982
27.2857151031
46.3076934814
19.1052627563
44.3125
59.0769233704
27.9166660309
28.1333332062
41.6363639832
24.5555553436
40.8181800842
23.0
9.6956520081
19.3333339691
44.7692298889
42.1818199158
40.9166679382
27.1875
12.8620691299
85.9090881348
37.1666679382
21.25
27.9375
50.5833320618
40.1818199158
24.6000003815
25.117647171
9.6000003815
17.0416660309
47.5
54.0
17.6666660309
28.0
45.0909080505
39.25
16.6000003815
24.7368412018
50.5999984741
24.9444446564
16.8181819916
66.1764678955
17.125
28.7000007629
40.3636360168
10.8000001907
11.8571424484
36.0
30.1764698029
39.25
24.6153850555
58.0999984741
40.6666679382
17.75
24.5454540253
15.653845787
68.5999984741
15.6818180084
14.3333330154
67.1818161011
70.8333358765
72.2727279663
57.0
63.4615402222
77.1818161011
18.1428565979
22.7000007629
24.3999996185
33.0666656494
15.1000003815
21.1363639832
13.3636360168
34.3333320618
34.4166679382
20.9375
29.0769233704
21.0
26.8333339691
25.1428565979
40.9000015259
23.1538467407
32.4000015259
23.571428299
18.0
32.5
12.4736843109
18.9333324432
36.6363639832
19.0625
25.3076915741
15.6666669846
20.4545459747
13.8999996185
17.5454540253
21.7692298889
25.6000003815
28.6499996185
28.5
58.1538467407
52.4000015259
21.0
28.428571701
12.8999996185
21.2307701111
17.2000007629
10.4117650986
12.5
34.6153831482
11.2222223282
16.0
15.25
41.1538467407
11.7692308426
15.6000003815
16.8333339691
11.6923074722
11.1000003815
29.8999996185
13.0
33.6666679382
22.6000003815
16.3571434021
10.75
18.75
18.4545459747
20.5
76.5454559326
50.7999992371
16.5454540253
25.1000003815
14.5384616852
18.3636360168
11.7142858505
27.6000003815
25.5
9.3636360168
12.6999998093
31.25
10.6153850555
22.1000003815
15.4166669846
15.8999996185
13.2857141495
14.5384616852
30.6000003815
17.375
23.3999996185
14.571428299
19.7999992371
10.9230766296
18.6000003815
16.3846149445
20.6000003815
38.3636360168
14.8999996185
11.0769233704
15.0
19.3999996185
10.75
26.928571701
11.0833330154
7.7272725105
16.5833339691
14.6363639832
13.1000003815
14.1999998093
11.6999998093
5.1818180084
8.1428575516
12.9230766296
25.2999992371
70.0999984741
17.2999992371
9.1000003815
14.4117650986
14.1923074722
12.8666667938
11.9375
8.1000003815
9.6923074722
29.5
15.5
