18.9166660309
6.8636364937
6.434782505
4.5833334923
13.6666669846
20.9583339691
11.8076925278
5.9696969986
3.0
14.235294342
23.6315784454
3.8367347717
3.4000000954
6.8181819916
6.3157896996
4.9333333969
9.9024391174
5.375
9.8999996185
3.5882353783
3.2068965435
3.6226415634
8.0444440842
4.075949192
2.6785714626
13.6000003815
4.4255318642
6.25
4.5454545021
5.3000001907
4.3181819916
6.3636364937
8.5757579803
51.0
13.117647171
25.8999996185
6.5454545021
5.4057970047
3.7916667461
7.4545454979
15.3000001907
6.0
3.25
11.6000003815
7.5882353783
4.0555553436
3.260869503
9.4375
4.0
6.1818180084
4.7241377831
5.0370368958
22.0
5.3076925278
12.1000003815
8.2857141495
11.0
2.0
6.1999998093
8.6923074722
5.4545454979
13.1666669846
5.0
10.235294342
10.3636360168
14.6842107773
28.3571434021
3.5
11.5
13.2413797379
5.5
17.882352829
16.0
12.3809528351
10.3793106079
21.6666660309
25.0
8.4545450211
16.1666660309
8.4347829819
9.4545450211
10.4166669846
10.5882349014
15.0
20.6111106873
40.7058830261
14.0
16.09375
24.3157901764
16.2272720337
41.6666679382
16.8076915741
20.0
14.9166669846
72.3000030518
79.7857131958
20.1578941345
19.2105255127
22.2941169739
19.2307701111
38.9000015259
15.3000001907
19.0
17.5
13.3000001907
