13.6666669846
13.1764707565
6.1666665077
8.1428575516
4.9600000381
10.2272729874
7.4444446564
5.0
3.25
10.6999998093
3.4117646217
11.5833330154
13.4722223282
3.4000000954
9.9642858505
6.8666667938
4.2692308426
5.0961537361
8.0
18.1111106873
5.4210524559
4.1071429253
2.826086998
9.7272729874
2.7000000477
19.655172348
5.7857141495
5.2777776718
5.4000000954
9.4166669846
5.4250001907
10.0555553436
3.8461537361
13.6000003815
35.0999984741
4.3000001907
4.3809523582
2.9333333969
1.5357142687
10.8571424484
5.6666665077
3.2000000477
3.5769231319
4.608695507
6.8125
24.1000003815
2.5999999046
3.3157894611
4.0625
15.1428575516
8.235294342
3.3333332539
4.347826004
4.370370388
6.4615383148
1.7000000477
15.235294342
15.1999998093
3.4090909958
1.6666666269
4.3043479919
2.8095238209
7.0909090042
5.3200001717
2.5
4.5909090042
5.434782505
11.2222223282
15.3076925278
4.6666665077
4.8181819916
11.75
4.3000001907
14.8999996185
2.2941176891
4.4375
5.0833334923
5.9230771065
2.1764705181
2.0666666031
6.0
7.8181819916
12.0833330154
4.9285712242
6.4285712242
12.1999998093
3.4545454979
3.6153845787
5.0909090042
3.2727272511
3.7000000477
2.8181817532
2.4545454979
12.7333335876
13.7222223282
10.8695650101
4.0
11.6153850555
19.8461532593
11.4482755661
14.5
19.0
12.6000003815
11.3636360168
34.1538467407
30.5833339691
53.9090919495
16.3157901764
61.6923065186
31.0
22.8999996185
13.6666669846
23.2000007629
