7.9354839325
10.882352829
3.1864407063
45.4666671753
7.4545454979
5.3157896996
12.6800003052
3.4814815521
6.3589744568
4.3783783913
12.0
21.2307701111
4.3333334923
4.047618866
13.5909090042
7.15625
3.5882353783
3.0357143879
3.260869503
2.6666667461
12.9090909958
6.2758622169
7.1111111641
7.086956501
5.1111111641
5.1428570747
14.9166669846
37.5454559326
17.8421058655
8.3529415131
3.5833332539
2.6470587254
21.8095245361
2.3684210777
6.8333334923
6.8000001907
3.7058823109
8.2142858505
4.0
6.6428570747
2.8181817532
6.1578946114
5.0
5.5714287758
6.125
3.9166667461
19.0
3.5
4.2777776718
5.0392155647
7.1666665077
3.5833332539
2.375
3.2777776718
1.8999999762
27.9090900421
10.1999998093
3.5
4.4615383148
3.0
13.4499998093
30.5833339691
8.3500003815
22.2727279663
4.4375
5.1666665077
12.5185184479
6.5
8.6923074722
17.625
6.0909090042
7.0
14.0740737915
37.9166679382
6.9333333969
9.5833330154
8.6000003815
3.8333332539
2.1818182468
16.0
2.9000000954
1.7272727489
13.0
9.0
9.0909090042
1.8999999762
10.8333330154
10.9444446564
13.846154213
70.5454559326
49.9090919495
77.1999969482
28.1000003815
46.0
16.0
10.5
23.2272720337
38.5999984741
14.0
63.5
22.071428299
19.1666660309
