28.4210529327
4.9583334923
3.7179486752
15.2903223038
4.0645160675
13.4750003815
6.5
3.8870968819
8.4210529327
15.3500003815
11.3999996185
2.6875
33.6666679382
17.0
11.764705658
2.4666666985
3.7959184647
32.9166679382
19.7142848969
3.4933333397
4.1304349899
31.0400009155
3.4864864349
15.75
5.8888888359
6.2307691574
4.0740742683
5.0625
6.565217495
11.4772729874
8.0
3.7826087475
2.59375
40.4500007629
21.0645160675
11.0
5.8863635063
2.5217392445
2.9411764145
2.4000000954
4.6363635063
4.2857141495
2.7142856121
6.3928570747
19.0
7.6111111641
28.2727279663
6.9000000954
12.3913040161
14.8095235825
3.117647171
3.3846154213
1.9259259701
9.2142858505
23.4545459747
3.5
3.9629628658
3.2857143879
3.3529412746
5.7894735336
3.185185194
5.0
4.875
10.0
2.5599999428
5.5625
5.2666668892
3.5333333015
6.5454545021
5.7142858505
8.0909090042
11.6153850555
10.3999996185
4.1818180084
1.25
2.0769231319
3.7272727489
2.2000000477
3.2999999523
18.5625
24.3571434021
13.0769233704
13.7826089859
23.2631587982
42.444442749
34.7692298889
15.3999996185
5.1999998093
4.7272725105
15.1999998093
2.2666666508
5.8235292435
8.2857141495
62.0909080505
9.9230766296
24.0
18.2727279663
29.7142848969
53.4000015259
70.4545440674
29.4210529327
68.5294113159
45.25
53.0769233704
17.9090900421
15.5200004578
80.7692337036
15.2777776718
35.0
13.4545450211
12.8181819916
18.0
15.8000001907
31.1875
6.6666665077
44.5999984741
12.0
5.6428570747
23.5
