6.2777776718
3.3181817532
3.0
3.5
11.8333330154
3.0
14.7749996185
8.9499998093
9.8679246902
3.6875
55.0999984741
6.0625
6.6875
3.3125
2.7647058964
3.1818182468
3.2999999523
7.2307691574
3.1833333969
3.3333332539
3.9740259647
10.153845787
4.6799998283
4.1111111641
15.7586202621
4.0285716057
4.0399999619
1.555555582
4.4600000381
48.5
13.2399997711
3.4375
5.8571429253
3.0909090042
15.7272729874
3.9090909958
4.2105264664
5.4166665077
17.0769233704
3.625
3.3636362553
6.0
15.7272729874
5.1538462639
3.0769231319
6.5333333015
1.9523808956
6.75
4.0714287758
45.1428565979
5.4000000954
5.1111111641
3.7407407761
3.173913002
4.1764707565
11.84375
2.5454545021
2.6111111641
21.0
3.7272727489
2.9200000763
6.0909090042
2.3333332539
1.3846154213
10.4615383148
10.7058820724
10.3999996185
14.8181819916
3.9090909958
13.178571701
27.5333328247
5.882352829
11.5
2.0999999046
20.4400005341
16.1818180084
10.9130430222
11.117647171
2.7142856121
9.5263156891
2.0909090042
7.3571429253
2.5454545021
35.2999992371
12.5384616852
23.0740737915
15.4615383148
25.7999992371
33.4000015259
43.875
18.1052627563
18.3076915741
16.3636360168
25.4375
12.0
23.2857151031
14.8000001907
25.0
4.0769228935
5.3125
