21.689655304
13.5263156891
33.684211731
36.375
4.25
34.5263175964
5.1538462639
9.9024391174
13.7777776718
36.7272720337
16.6410255432
4.5454545021
4.6799998283
23.428571701
4.4255318642
18.9615383148
6.8695650101
51.0
23.25
4.4615383148
6.9090909958
23.6956520081
5.0
2.8888888359
5.7272725105
7.9032258987
6.4242424965
3.9565217495
5.6206898689
3.8571429253
3.382352829
11.5263156891
5.8636364937
1.7575757504
9.9375
24.0
3.9565217495
4.6363635063
4.6666665077
3.476190567
5.2399997711
4.1923074722
5.3076925278
5.5714287758
8.4090909958
6.347826004
3.2962963581
2.3928570747
2.0
3.7619047165
8.7142858505
3.1111111641
4.6153845787
14.8000001907
3.2352941036
4.5
3.0999999046
5.0555553436
4.1666665077
5.7272725105
3.555555582
2.3333332539
10.1999998093
3.6470587254
5.0
2.6153845787
2.2727272511
1.3076922894
23.0
10.6666669846
13.5384616852
22.375
26.8571434021
17.882352829
19.75
10.3793106079
12.1304349899
8.5200004578
52.4000015259
24.1428565979
8.5
16.2307701111
13.7692308426
13.3333330154
19.0740737915
26.0625
29.5
56.0
26.8999996185
35.1538467407
40.7058830261
41.6666679382
48.5
50.3846168518
41.0
41.625
79.7857131958
19.4583339691
43.0
18.5
24.2999992371
14.9166669846
17.5
17.0909099579
56.2999992371
22.5263156891
17.6399993896
27.2000007629
22.2727279663
