2.7419354916
3.6206896305
15.5333337784
2.2173912525
3.7142856121
18.7058830261
51.3125
7.086956501
6.7560977936
56.8181800842
11.6666669846
31.9166660309
13.235294342
7.0555553436
3.4878048897
3.9583332539
2.8548386097
4.3333334923
3.75
8.8571424484
23.0
9.6153850555
14.96875
3.8125
20.4615383148
9.25
18.6000003815
50.6923065186
2.7000000477
4.608695507
10.9230766296
13.1111106873
4.3731341362
12.468085289
17.6086959839
5.0
13.2592592239
15.6857147217
51.1818199158
13.9499998093
34.0
10.3333330154
3.434782505
3.2666666508
5.3125
7.0434784889
4.7692308426
7.8125
4.2727274895
6.7619047165
3.2142856121
4.9000000954
2.0
6.3000001907
22.6875
5.4666666985
3.1111111641
3.4615385532
3.4285714626
9.6666669846
38.4615402222
3.9166667461
1.3636363745
6.5833334923
28.0
10.0909090042
9.1052627563
5.5769228935
21.3999996185
3.6818182468
3.8125
2.9090909958
6.4000000954
3.0666666031
2.7000000477
6.1599998474
6.8181819916
7.4545454979
8.2894735336
24.3809528351
29.571428299
6.1153845787
57.4545440674
10.7567567825
18.2413787842
15.5789470673
2.6666667461
3.2000000477
9.4545450211
4.1666665077
6.0769228935
21.6000003815
52.0
16.5
26.428571701
20.571428299
21.1818180084
64.6999969482
93.0
37.3636360168
39.3846168518
17.7999992371
85.1666641235
74.8000030518
32.9473686218
39.2999992371
42.5
25.2999992371
9.1764707565
4.8636364937
13.6315793991
14.1999998093
