31.1666660309
5.1162791252
10.8000001907
2.0714285374
8.4736843109
12.5
3.6129031181
27.1200008392
3.1071429253
12.1818180084
6.0967741013
6.5749998093
19.8947372437
3.7272727489
35.4615402222
7.4166665077
3.9285714626
3.6153845787
3.6393442154
3.0833332539
11.5882349014
29.2999992371
8.6315793991
6.0285716057
2.8974359035
3.6315789223
4.1999998093
5.235294342
4.4000000954
3.7826087475
6.8000001907
17.75
6.7777776718
5.8095235825
3.2727272511
35.4500007629
4.1666665077
15.9166669846
3.625
8.0909090042
12.625
4.523809433
3.4545454979
41.4545440674
8.1904764175
1.7692307234
3.8333332539
3.1212120056
7.6842103004
2.7307691574
16.571428299
8.0
2.7000000477
2.9285714626
14.928571701
9.2105264664
5.4285712242
4.6923074722
17.3636360168
7.9285712242
14.1111106873
8.071428299
4.1304349899
7.8125
8.1000003815
6.0
4.3157896996
9.3999996185
8.75
2.6363637447
11.8999996185
6.3636364937
3.4000000954
5.7272725105
1.4166666269
5.0909090042
1.5
8.4545450211
12.0
29.6842098236
17.8461532593
16.0833339691
19.5909099579
10.1818180084
17.4166660309
9.846154213
35.1818199158
10.0
13.6666669846
6.4090909958
4.0
3.5
30.4615383148
19.75
30.6000003815
38.2142868042
31.25
82.4000015259
19.3846149445
18.1818180084
26.047618866
49.7857131958
16.3684215546
24.8333339691
43.2000007629
22.2727279663
18.8181819916
15.2727270126
10.8181819916
