14.1935482025
14.8846149445
6.8947367668
4.1578946114
2.0
3.75
3.3461537361
13.6000003815
1.6470588446
4.3396224976
2.434782505
5.0833334923
8.0681819916
2.5714285374
8.75
3.3548386097
6.391304493
3.1627907753
2.7096774578
3.2400000095
4.478260994
4.521739006
3.7857143879
3.5384614468
49.9166679382
3.7547168732
3.5185184479
12.1999998093
3.3636362553
10.6666669846
14.1875
32.6399993896
1.8181818724
9.6363639832
63.4545440674
2.586206913
4.0
3.1428570747
19.8095245361
15.1034479141
3.9523808956
12.3846149445
2.2000000477
6.6999998093
8.3999996185
10.4545450211
5.2619047165
18.8421058655
2.3571429253
2.1666667461
26.6666660309
19.928571701
4.7142858505
3.5625
5.6666665077
5.7307691574
3.0
6.6818180084
2.6428570747
10.3333330154
4.4074072838
5.8333334923
4.7692308426
5.952381134
3.0999999046
4.608695507
7.4705882072
7.2666668892
3.6923077106
9.3846149445
1.6111111641
3.7272727489
1.8461538553
4.4000000954
11.5625
59.5833320618
22.0
9.4166669846
17.3636360168
29.8999996185
67.3636398315
13.2727270126
22.7692298889
10.0
20.5
18.7000007629
4.4857144356
10.9696969986
8.0833330154
5.2727274895
3.3636362553
24.8333339691
9.125
6.0
15.8999996185
11.0
14.0
15.1666669846
11.3999996185
11.3076925278
16.8999996185
21.2222213745
44.6666679382
16.8999996185
31.5
18.5
18.9444446564
21.0
10.827586174
21.5517234802
16.2000007629
27.6875
23.0909099579
15.3846149445
7.5999999046
16.5454540253
