9.3599996567
59.3636360168
23.2727279663
28.4347820282
2.3636362553
54.0833320618
4.1363635063
3.584615469
2.75
1.7999999523
12.0606060028
2.0303030014
8.6999998093
20.7142848969
24.8181819916
4.5
2.1818182468
5.764705658
22.0
3.2692308426
5.7619047165
38.9375
25.5333328247
15.9811325073
54.5833320618
30.6315784454
3.625
20.6666660309
43.2857131958
4.9272727966
28.1499996185
15.3421049118
20.0
21.4375
6.0
3.2857143879
2.8571429253
4.2800002098
13.0645160675
23.74193573
10.0384616852
22.875
4.8095235825
4.0799999237
15.2608699799
5.2727274895
3.4324324131
5.260869503
31.8999996185
3.2000000477
27.4166660309
5.764705658
3.5999999046
8.8000001907
4.0714287758
9.2121210098
10.2142858505
2.7142856121
18.5
10.9090909958
2.8571429253
5.5806450844
12.0952377319
13.2692308426
9.8000001907
9.6923074722
17.3913040161
13.8695650101
3.6500000954
11.8928575516
7.0909090042
3.9333333969
18.6666660309
2.2999999523
10.0
21.3333339691
27.7272720337
11.3000001907
8.3846149445
71.4000015259
21.375
46.4285697937
29.3999996185
14.5200004578
66.3000030518
20.3809528351
39.7857131958
26.4545459747
39.0769233704
24.7272720337
22.7083339691
38.7333335876
50.3571434021
11.1999998093
30.2727279663
43.5
29.5
14.5
15.9166669846
6.2903227806
20.0666675568
