8.6842107773
6.7692308426
11.382352829
11.5263156891
49.0833320618
7.75
5.1999998093
2.7547168732
4.413793087
12.90625
2.4523808956
16.6279067993
4.75
3.9473683834
4.3414635658
2.789473772
10.5333337784
2.814814806
10.4799995422
3.5882353783
28.8846149445
6.0999999046
18.7105255127
12.172413826
26.6000003815
3.2121212482
12.1000003815
2.4666666985
10.1698112488
1.9411764145
13.9259262085
4.9428572655
25.2000007629
37.625
4.882352829
4.5454545021
2.8571429253
2.2750000954
8.75
1.8666666746
4.523809433
2.5
15.0
1.1428571939
3.9000000954
11.5454549789
4.413793087
20.0
7.1904764175
4.6666665077
1.9090908766
3.9000000954
3.2000000477
2.5
2.555555582
6.875
2.8461537361
3.5
7.3000001907
2.6363637447
13.8571424484
8.5
16.7000007629
12.8999996185
78.0
7.1428570747
2.2857143879
32.9375
11.5263156891
12.428571701
12.6999998093
6.0999999046
14.882352829
37.2142868042
16.7600002289
1.9090908766
20.1111106873
38.0
9.6666669846
18.2857151031
9.3076925278
17.0
40.0
32.3333320618
26.3529415131
19.25
87.8000030518
41.7142868042
48.1818199158
16.0
45.2999992371
40.5789489746
18.7000007629
26.125
44.1538467407
28.7999992371
25.4166660309
15.846154213
10.8000001907
10.7272729874
31.1000003815
6.5
7.6111111641
14.0
