5.2794117928
4.125
62.75
11.1999998093
8.1666669846
13.8787879944
3.9692306519
4.0178570747
2.8695652485
4.8499999046
3.1612904072
10.9600000381
3.5882353783
18.6499996185
3.0
3.9666666985
4.2105264664
3.8214285374
18.8928565979
16.7307701111
15.1612901688
16.0416660309
34.0
6.7674417496
17.0
15.1875
11.8965520859
5.2666668892
2.5714285374
30.9375
10.3500003815
2.625
19.6538467407
43.2000007629
2.6800000668
3.8405797482
24.8461532593
23.6190471649
4.4464287758
19.882352829
5.9545454979
13.3076925278
2.4800000191
5.5
3.75
17.8333339691
6.9166665077
3.2272727489
21.1666660309
16.5833339691
5.2162160873
5.0322580338
2.5499999523
2.2068965435
5.5517239571
2.305555582
23.8999996185
11.875
36.7999992371
4.2692308426
6.0769228935
2.7142856121
8.5500001907
3.1764705181
16.1666660309
3.185185194
7.5
5.875
5.4545454979
4.5999999046
6.875
5.9615383148
7.8571429253
3.8421051502
3.8571429253
2.4000000954
19.1304340363
19.7333335876
8.4399995804
4.1666665077
16.4705886841
25.882352829
23.6666660309
6.1333332062
12.3181819916
4.8666667938
14.3076925278
12.8888893127
35.3571434021
5.1666665077
6.0999999046
18.9230766296
18.2999992371
5.3846154213
15.8999996185
35.8461532593
19.8260860443
27.5652179718
48.75
39.75
43.5833320618
54.5833320618
33.1428565979
55.5999984741
40.1666679382
20.6111106873
32.9166679382
13.8846149445
17.5555553436
21.1428565979
20.235294342
14.4705886841
14.7272729874
36.25
18.0
9.75
16.0625
28.5
