3.3225805759
7.6428570747
2.5999999046
16.9166660309
4.4800000191
5.3076925278
3.6500000954
5.1929826736
2.555555582
9.0666666031
3.8235294819
4.2537312508
3.0606060028
4.6909089088
4.3684210777
3.3857142925
7.2083334923
5.4883723259
3.3225805759
13.3999996185
30.2272720337
3.5840001106
13.9756097794
23.928571701
7.4117646217
4.8928570747
6.1818180084
13.1999998093
19.4615383148
1.8333333731
11.0
3.9047617912
74.1999969482
26.3703708649
30.2631587982
10.1041669846
2.7017543316
11.617647171
26.6499996185
21.8999996185
3.4920635223
7.1891889572
4.8095235825
6.1842103004
4.3800001144
4.9677419662
23.1578941345
3.896551609
3.9545454979
17.6000003815
14.6666669846
17.6857147217
45.2142868042
2.5901639462
3.6896550655
2.9857141972
5.6666665077
21.8333339691
11.0833330154
16.952381134
8.8787879944
17.2727279663
2.1666667461
8.341463089
2.6029412746
30.071428299
1.777777791
11.571428299
7.9142856598
5.2272725105
3.2037036419
10.75
5.6944446564
9.428571701
29.4736843109
6.3000001907
4.8064517975
11.6363639832
3.5
8.0399999619
25.3999996185
76.6363601685
4.882352829
25.8148155212
4.0999999046
35.0
3.7179486752
21.6363639832
13.3157892227
4.6923074722
9.3714284897
28.625
8.9210529327
11.0645160675
10.9333333969
11.321428299
15.4399995804
10.1363639832
18.5384616852
4.7692308426
34.5999984741
20.7272720337
43.6428565979
2.2222223282
4.6999998093
34.7619056702
20.5263156891
10.4545450211
33.0
3.6875
4.5999999046
13.1891889572
5.1639342308
3.4642856121
6.2941174507
17.5405406952
2.0909090042
4.1111111641
2.0208332539
4.4729728699
6.8387098312
25.689655304
3.9148936272
5.0185184479
4.0625
9.8000001907
56.3333320618
51.5882339478
37.5
37.7058830261
7.8695650101
3.7142856121
4.9090909958
4.5503873825
19.6153850555
31.7000007629
22.4615383148
5.0
15.5135135651
12.5500001907
3.2333333492
3.4264705181
22.129032135
7.4499998093
3.9591836929
4.8809523582
19.2105255127
6.1999998093
6.372549057
19.40625
10.8095235825
3.5
20.7999992371
5.3214287758
17.0
3.9361701012
12.0666666031
17.2999992371
3.3214285374
9.6999998093
18.5
5.2083334923
4.0
3.8292682171
2.0
4.0740742683
5.758620739
9.8695650101
6.235294342
34.8333320618
6.2083334923
6.2571430206
19.3529415131
35.5
2.2631578445
5.8947367668
6.6557378769
6.5555553436
6.0
29.8421058655
17.3666667938
2.9090909958
2.6785714626
4.0
27.0434780121
28.2727279663
4.8431372643
27.1153850555
3.3928570747
2.8095238209
3.8947367668
59.9000015259
37.25
4.2089552879
2.1875
36.9166679382
4.434782505
16.9090900421
5.1463413239
2.2352941036
16.8571434021
7.1999998093
5.0
3.0833332539
20.5384616852
7.2063493729
4.2307691574
7.7636365891
19.0384616852
17.5
7.7666668892
2.0217392445
4.8461537361
17.0799999237
32.9090919495
2.7704918385
5.3055553436
3.5
4.5999999046
7.476190567
16.8181819916
16.9714279175
7.0625
6.4090909958
8.1818180084
20.2608699799
27.6499996185
40.0714302063
10.4074077606
3.2456140518
5.1666665077
5.6097559929
16.3636360168
4.34375
6.0
39.7333335876
17.2727279663
15.6666669846
7.8000001907
5.40625
3.7857143879
6.2666668892
2.8709676266
39.7999992371
3.9642856121
17.0499992371
7.5333333015
2.7058823109
6.1388888359
33.125
56.6363639832
4.265625
3.4833333492
9.4347829819
14.846154213
4.1999998093
15.4736843109
3.0
9.952381134
21.0
4.1944446564
3.7666666508
3.536585331
4.8333334923
21.1200008392
2.7000000477
23.1818180084
1.6428571939
18.0
4.6363635063
6.0
4.7600002289
7.8863635063
4.0333333015
18.2999992371
14.0666666031
3.0
11.6599998474
3.7962963581
4.5250000954
13.7391300201
15.6923074722
10.5789470673
4.5
3.8615384102
22.4166660309
7.8571429253
16.8095245361
5.1999998093
2.9333333969
5.9722223282
2.2000000477
2.6279070377
5.0
4.0
3.2142856121
5.882352829
13.8888893127
7.4583334923
9.1276597977
26.7692298889
14.75
3.5740740299
4.1304349899
2.5999999046
7.7272725105
3.8043477535
3.3913042545
8.5
56.7272720337
4.2702703476
22.4400005341
44.7999992371
5.7727274895
3.6666667461
10.071428299
6.1333332062
12.571428299
24.1612911224
10.2222223282
41.4117660522
4.9230771065
5.0735292435
19.9599990845
4.117647171
3.444444418
2.875
5.5
18.4615383148
27.7272720337
39.2857131958
3.5217392445
2.7916667461
3.4615385532
6.5
6.5
4.5
4.8400001526
25.8125
4.1875
4.3333334923
7.6111111641
6.5
8.8636360168
3.3333332539
50.2666664124
29.7692298889
3.4583332539
13.1052627563
25.7999992371
11.9583330154
7.0909090042
11.1999998093
5.6875
6.565217495
49.0833320618
6.5454545021
2.8571429253
10.2592592239
11.4166669846
5.0833334923
19.125
7.7750000954
20.4210529327
3.2000000477
25.0
6.235294342
10.3636360168
16.5454540253
6.0740742683
1.34375
10.25
10.0833330154
4.4324326515
4.1428570747
2.9024391174
7.4000000954
36.6923065186
2.5757575035
3.6923077106
2.2173912525
2.5714285374
5.6388888359
4.0384616852
4.4047617912
6.3636364937
23.2000007629
6.8717947006
2.6428570747
1.7272727489
2.913043499
32.5454559326
4.0
21.1818180084
4.9743590355
2.4166667461
4.4545454979
8.5
2.6190476418
7.3636364937
12.6499996185
7.6666665077
16.0357151031
7.0
58.5454559326
3.6923077106
16.0769233704
34.1875
8.1111106873
12.1578950882
4.2222223282
21.8181819916
29.571428299
1.2666666508
11.9444446564
7.6875
11.5416669846
2.7200000286
16.5294113159
1.7142857313
11.0
4.3170733452
6.9411764145
16.0
28.2666664124
5.4516129494
3.2592592239
5.5526313782
26.8999996185
8.1818180084
21.1428565979
6.25
2.655172348
18.0454540253
23.625
4.2222223282
3.2564103603
3.7073171139
11.0357141495
4.4499998093
3.2307691574
17.6000003815
3.0789473057
17.1428565979
5.2162160873
13.178571701
4.8800001144
8.2142858505
2.8947367668
3.0
2.3499999046
22.0
1.9090908766
3.444444418
6.2173914909
4.0
2.5999999046
4.5333333015
2.8421051502
16.7777786255
1.9230768681
15.6666669846
3.125
28.2999992371
11.1999998093
3.8666665554
11.0952377319
2.5
4.7222223282
3.2400000095
24.571428299
15.6190471649
3.6451613903
6.172413826
7.521739006
2.0714285374
6.0833334923
21.5294113159
7.5769228935
11.1333332062
3.4722223282
3.4642856121
6.370370388
4.4285712242
3.7058823109
3.4000000954
5.5999999046
30.4615383148
3.555555582
5.8571429253
15.0526313782
5.5
2.2222223282
5.0666666031
4.0666666031
32.5999984741
3.6363637447
4.3636364937
18.6153850555
3.8571429253
4.1666665077
3.0294117928
11.1578950882
5.3548388481
5.9655170441
6.260869503
6.1111111641
8.0740737915
2.8461537361
2.3428571224
10.652173996
8.8333330154
3.65625
18.9166660309
5.7727274895
3.625
24.2666664124
3.4545454979
5.2857141495
14.8000001907
29.5454540253
2.71875
5.625
14.1999998093
6.5999999046
3.8333332539
2.4375
2.4705882072
3.3214285374
2.1818182468
12.1578950882
4.6153845787
14.1999998093
12.9411764145
17.2142848969
3.5714285374
4.6875
3.7777776718
10.8181819916
4.5
3.6363637447
7.5714287758
2.3548386097
4.2666668892
16.4545459747
15.6923074722
3.2000000477
2.5
3.3666665554
6.1578946114
21.5833339691
1.3076922894
6.5384616852
6.1818180084
5.5199999809
5.4736843109
3.8076922894
21.7142848969
14.6000003815
4.25
6.764705658
5.6666665077
3.9545454979
5.1538462639
2.8846154213
25.8333339691
6.3181819916
4.7777776718
9.5882349014
20.1000003815
2.7857143879
3.0714285374
2.1304347515
18.1666660309
6.375
5.3846154213
5.7894735336
7.9047617912
2.4285714626
2.8125
4.5384616852
14.7142858505
7.0999999046
3.1666667461
3.7307691574
4.9230771065
6.7272725105
10.2631578445
16.7142848969
4.0999999046
3.6666667461
4.6315789223
9.25
21.7000007629
4.5555553436
7.1428570747
4.8571429253
3.5384614468
4.173913002
4.0322580338
18.3529415131
10.3999996185
3.75
4.5999999046
6.7826085091
17.3636360168
3.2692308426
5.8421053886
17.4615383148
23.3636360168
1.9090908766
2.4545454979
2.5833332539
4.6428570747
8.3999996185
5.2962961197
20.7142848969
17.2857151031
4.7407407761
12.4705886841
3.0
6.625
5.7857141495
6.7222223282
5.478260994
6.1818180084
7.047618866
7.5882353783
9.476190567
5.952381134
9.8181819916
3.7777776718
7.5416665077
19.2999992371
8.8333330154
2.4615385532
9.7777776718
7.882352829
7.0555553436
7.6470589638
2.2000000477
4.2083334923
7.9000000954
2.25
17.7142848969
7.1500000954
4.8333334923
2.8421051502
6.0
5.4166665077
7.9444446564
4.5199999809
4.0416665077
4.5384616852
4.523809433
8.047618866
3.1199998856
2.8399999142
3.2000000477
13.6666669846
7.3636364937
4.3333334923
5.8695650101
3.75
3.0399999619
4.2857141495
9.0555553436
5.9166665077
5.0434784889
3.0833332539
4.1764707565
8.6923074722
2.5
2.2380952835
5.9230771065
5.4705882072
7.0
4.3157896996
6.5384616852
7.9285712242
6.6842103004
3.2222223282
2.7857143879
2.8235294819
6.9285712242
4.375
1.9047619104
2.2666666508
14.1000003815
1.6666666269
3.4375
4.4666666985
2.7142856121
7.9230771065
3.5333333015
9.5
4.2857141495
5.4666666985
5.0
10.0769233704
5.5882353783
3.3125
2.0
3.4000000954
2.210526228
5.4166665077
4.5
4.7142858505
4.0
6.5
7.25
4.4166665077
4.4166665077
5.0909090042
8.9090909958
1.5294117928
8.1000003815
3.5882353783
5.1999998093
6.0833334923
7.8333334923
9.5
4.1333332062
2.5294117928
6.8333334923
8.0
2.7142856121
2.2000000477
6.625
2.5
8.7857141495
11.1999998093
9.8181819916
3.2307691574
4.6153845787
6.7333331108
6.1764707565
7.3333334923
5.0909090042
6.5
4.0833334923
2.6363637447
3.0
3.0833332539
3.4285714626
6.5
2.9090909958
7.6999998093
5.6363635063
1.2000000477
4.9166665077
4.4166665077
3.5
4.8000001907
2.0999999046
4.5
2.3333332539
5.3636364937
2.5454545021
7.9000000954
2.6923077106
2.4615385532
4.5454545021
2.2727272511
1.1666666269
10.0588235855
6.7142858505
7.1999998093
1.3999999762
38.3636360168
28.3043479919
9.2173910141
16.5555553436
39.8888893127
39.9000015259
11.117647171
30.25
16.2800006866
7.0
31.5384616852
8.5
20.2000007629
6.625
6.5555553436
12.6071424484
1.5714285374
29.9545459747
16.5454540253
14.6923074722
16.0
26.7999992371
18.1666660309
10.7368421555
10.2380952835
16.9166660309
41.9166679382
11.0588235855
8.25
14.310344696
10.1999998093
36.5833320618
9.0
18.9090900421
10.1052627563
12.1304349899
13.0
9.6499996185
15.2272729874
5.764705658
15.4444446564
2.5384614468
2.2857143879
15.0555553436
11.75
13.0
8.8999996185
8.1612901688
7.6129031181
24.4117641449
15.3636360168
18.6000003815
6.3333334923
14.9444446564
29.9090900421
22.3125
12.9166669846
13.1304349899
19.1666660309
17.1875
23.1111106873
9.9090909958
10.8000001907
12.0833330154
5.6363635063
16.0499992371
5.9333333969
11.0625
26.3076915741
10.4615383148
17.8500003815
11.2413797379
8.8695650101
4.5999999046
21.5
12.3999996185
25.3333339691
9.2857141495
39.1052627563
8.0952377319
11.7619047165
7.75
18.5
12.8888893127
9.3999996185
20.6800003052
12.129032135
18.4705886841
43.4000015259
12.5
6.2800002098
32.1818199158
14.0454549789
33.3125
26.0
12.1363639832
10.1428575516
43.2857131958
27.25
15.7058820724
12.5454549789
18.2142848969
10.0
9.5384616852
8.1470584869
6.6363635063
8.3333330154
24.3157901764
12.7692308426
11.7272729874
24.9090900421
9.6666669846
12.1666669846
10.5454549789
16.1538467407
11.0588235855
9.5833330154
54.3333320618
9.4166669846
78.0
43.2999992371
5.1538462639
20.5263156891
26.571428299
3.25
3.8181817532
15.0
4.1818180084
32.4705886841
12.5384616852
17.0909099579
12.6470584869
6.5454545021
4.8181819916
8.4545450211
22.9375
12.4545450211
19.375
60.2000007629
11.3999996185
5.75
9.5263156891
36.2000007629
12.25
12.2666664124
21.6666660309
22.3571434021
10.0
21.4666671753
19.9411773682
21.5833339691
13.2222223282
14.0
18.8666667938
29.75
10.6999998093
11.6842107773
17.9333324432
39.0
13.0
17.5625
34.7000007629
10.6470584869
21.6666660309
37.5454559326
13.8181819916
14.1428575516
10.9444446564
17.2999992371
8.5882349014
28.6000003815
16.0
11.6428575516
16.6363639832
17.8181819916
13.1999998093
8.8000001907
9.6999998093
10.4545450211
14.7272729874
15.75
17.7000007629
21.8999996185
19.0
19.2000007629
10.1000003815
12.5
12.2727270126
13.6999998093
15.678571701
33.3571434021
27.3571434021
16.0
26.0
87.0999984741
18.428571701
36.6666679382
37.2666664124
51.8181800842
13.3333330154
27.3846149445
49.2727279663
72.0
12.25
23.3157901764
47.0
13.6956520081
31.3333339691
97.3000030518
38.2999992371
70.4000015259
46.75
27.4545459747
48.5
32.2941169739
21.0
21.2999992371
20.117647171
23.6000003815
31.7000007629
24.1538467407
57.9411773682
41.4615402222
23.0499992371
23.0499992371
79.3000030518
35.1333351135
33.0909080505
30.6666660309
30.8888893127
21.3500003815
23.9090900421
15.6800003052
40.5333328247
56.9166679382
44.9230766296
22.571428299
25.9444446564
69.8000030518
37.0714302063
66.0999984741
23.7000007629
17.8695659637
27.5
47.0
87.8000030518
35.6666679382
19.8999996185
14.9583330154
20.25
75.6363601685
35.8235282898
20.3529415131
37.5333328247
30.3157901764
29.7333335876
28.3999996185
22.178571701
13.846154213
32.0
25.75
55.0
22.0769233704
13.6000003815
58.1666679382
14.1904764175
10.9333333969
74.5
69.5
34.1500015259
11.347826004
38.1818199158
27.7619056702
35.0454559326
42.6363639832
50.5333328247
45.6666679382
25.2857151031
13.0
23.1666660309
21.1578941345
57.3636360168
35.764705658
52.0
56.0833320618
20.1333332062
49.2000007629
42.9090919495
19.7727279663
38.3636360168
51.9166679382
14.7142858505
44.25
52.4000015259
84.6363601685
59.4000015259
29.7272720337
53.5999984741
25.7000007629
36.0
87.9000015259
16.1818180084
59.6363639832
66.3000030518
31.4545459747
42.7999992371
54.6666679382
32.0
86.9000015259
38.4000015259
13.2727270126
18.1000003815
22.5
26.75
55.1428565979
21.2142848969
23.4444446564
59.2000007629
41.5
29.9166660309
22.125
27.5
24.25
29.6666660309
19.882352829
31.1666660309
12.1904764175
27.7000007629
18.0666675568
14.8999996185
15.375
27.5833339691
42.3636360168
18.6428565979
16.7857151031
13.7857141495
12.7058820724
36.7999992371
24.9230766296
28.7222213745
20.8125
29.7272720337
21.6153850555
34.5
20.0
19.428571701
10.0
16.571428299
34.2000007629
29.9166660309
15.75
24.7000007629
30.8181819916
27.8999996185
14.5833330154
20.4545459747
16.571428299
12.75
12.7333335876
9.1333332062
34.0714302063
26.7857151031
19.2727279663
17.2666664124
16.1818180084
12.7692308426
18.8999996185
25.1000003815
13.4615383148
12.5384616852
14.3076925278
12.0
13.8333330154
53.5999984741
15.6999998093
26.3999996185
15.4545450211
25.9166660309
20.7000007629
23.8999996185
16.3636360168
16.7692298889
17.6666660309
12.571428299
23.2000007629
16.9166660309
10.4666662216
19.0
9.6666669846
19.8181819916
8.4166669846
8.2857141495
12.3333330154
14.6999998093
11.5833330154
10.6363639832
12.8000001907
16.7000007629
9.8000001907
36.6923065186
8.6363639832
14.7272729874
17.5
12.3636360168
15.0
9.6666669846
34.1818199158
9.7222223282
3.4545454979
7.0
10.0
13.8076925278
15.3000001907
37.8181800842
12.9090909958
18.2000007629
12.523809433
7.8064517975
31.1666660309
17.9444446564
16.1052627563
5.7142858505
10.5
18.7857151031
7.5714287758
20.8999996185
