1.8333333731
33.2857131958
3.4920635223
4.9047617912
4.1833333969
48.0
15.7333335876
9.0
43.2307701111
3.3666665554
3.4000000954
2.4864864349
22.0
6.7894735336
16.102563858
12.4857139587
19.4375
21.7272720337
26.928571701
1.9666666985
3.5833332539
7.0833334923
8.5
2.3225805759
10.8666667938
4.1851849556
4.8400001526
4.5757575035
7.1578946114
9.5
5.3181819916
14.8000001907
4.4000000954
23.3461532593
4.260869503
38.4545440674
14.2727270126
8.0740737915
3.7446808815
14.5
13.6923074722
3.0999999046
11.8666667938
5.9545454979
1.7999999523
5.0555553436
5.7857141495
4.7600002289
6.235294342
5.75
31.7000007629
8.6000003815
4.5599999428
6.2105264664
5.6666665077
5.086956501
3.5
2.6666667461
8.6666669846
4.7142858505
3.8636362553
6.9473686218
3.8636362553
11.1666669846
2.9333333969
7.1764707565
3.7333333492
2.8235294819
6.4666666985
6.4444446564
1.5
4.9166665077
53.2999992371
39.3636360168
17.3333339691
47.7142868042
9.4545450211
8.3999996185
16.1764698029
10.5
12.8999996185
7.3636364937
8.571428299
60.25
11.2727270126
5.5833334923
5.0
38.1538467407
11.5384616852
27.4666671753
22.3333339691
50.3333320618
28.5833339691
57.4545440674
48.2142868042
31.1428565979
14.4799995422
14.1818180084
20.6190471649
19.3846149445
23.6000003815
13.1000003815
13.8571424484
22.5
24.1000003815
19.2000007629
15.1999998093
23.9230766296
13.8000001907
7.7826085091
5.5625
