6.1875
5.3333334923
1.7142857313
12.1999998093
5.948718071
5.948718071
5.1428570747
13.1666669846
3.3181817532
4.9285712242
6.0
3.1538462639
4.4444446564
4.655172348
9.7567567825
9.7567567825
19.1875
18.4166660309
3.0909090042
2.896551609
5.476190567
4.6923074722
3.0769231319
3.0714285374
8.476190567
3.125
6.8888888359
2.7368421555
2.7368421555
7.5500001907
2.9166667461
9.3000001907
8.8571424484
4.8000001907
16.0
13.117647171
20.6153850555
4.9600000381
4.0526313782
4.0526313782
6.1363635063
6.3333334923
4.8333334923
4.1481480598
4.1481480598
5.75
9.6470584869
3.9523808956
5.125
3.2142856121
16.8999996185
6.0
3.8846154213
2.5
9.3999996185
4.1999998093
4.4666666985
5.2666668892
4.0384616852
10.2777776718
3.5999999046
3.2142856121
4.521739006
19.25
5.0833334923
18.9166660309
18.9166660309
6.0
3.25
5.047618866
2.5
4.4090909958
2.7999999523
10.1818180084
10.1818180084
7.8181819916
3.6428570747
12.6000003815
2.6470587254
2.1428570747
2.5333333015
8.125
4.8666667938
5.9090909958
3.1538462639
6.3636364937
35.9000015259
27.3636360168
27.5333328247
6.0833334923
15.6000003815
7.4285712242
11.0
10.9444446564
50.1818199158
16.75
11.3999996185
11.3999996185
5.3333334923
6.3846154213
6.3846154213
16.8181819916
24.7692298889
18.7272720337
51.3846168518
12.1904764175
40.444442749
14.6363639832
12.9090909958
11.8000001907
11.8000001907
14.6363639832
21.7272720337
16.8999996185
11.8181819916
