2.28125
2.7666666508
1.8181818724
3.7142856121
17.2000007629
27.2000007629
3.7446808815
11.0857143402
19.3333339691
11.178571701
6.764705658
14.5384616852
1.8999999762
18.4166660309
2.6875
4.6923074722
3.1500000954
6.3333334923
3.0714285374
4.7619047165
3.6875
4.625
2.8620688915
6.0714287758
3.2666666508
2.6428570747
2.4500000477
3.652173996
3.1538462639
1.9565217495
2.9090909958
1.6111111641
4.8000001907
8.0
3.5925924778
7.3157896996
3.5769231319
3.882352829
9.0
2.444444418
3.4166667461
7.4545454979
4.5789475441
7.5263156891
3.185185194
3.9473683834
3.4545454979
20.0
5.1111111641
9.3999996185
3.6875
2.5
4.1999998093
3.8076922894
2.241379261
5.6818180084
19.3999996185
23.7000007629
3.5999999046
5.9000000954
5.6956520081
2.1333334446
2.5833332539
18.0833339691
2.5833332539
15.5
8.1499996185
4.3636364937
5.1818180084
7.9230771065
14.4545450211
9.2727270126
5.4545454979
3.0
4.0
5.0999999046
3.0
14.75
27.3636360168
8.125
6.0833334923
4.5
6.2121210098
7.4545454979
21.3999996185
11.1666669846
8.1111106873
16.8333339691
11.7272729874
8.6666669846
16.4347820282
21.9166660309
18.7272720337
12.7058820724
42.5
23.117647171
24.75
20.2999992371
14.6363639832
13.7272729874
14.0
10.1999998093
9.8181819916
16.0
