1.7999999523
21.2727279663
18.2666664124
12.5263156891
31.2222213745
4.2857141495
2.444444418
11.7619047165
6.5714287758
2.0
3.75
12.7894735336
4.8857140541
5.173913002
3.6785714626
17.9230766296
26.2999992371
7.0
35.2000007629
19.6363639832
3.0399999619
2.4285714626
1.25
7.0
4.5999999046
6.0
5.125
1.8461538553
7.882352829
7.75
20.4166660309
13.0500001907
9.7857141495
9.75
8.4545450211
63.5
7.5555553436
7.8800001144
11.9473686218
13.3076925278
14.3571424484
21.0
10.6000003815
13.7777776718
11.0
7.0625
20.6842098236
8.6774196625
6.1999998093
15.5882349014
43.3571434021
20.3333339691
17.3333339691
36.0999984741
7.3333334923
11.8181819916
4.0714287758
14.5
11.0
14.3000001907
15.6363639832
13.5454549789
18.8076915741
22.5909099579
41.6923065186
50.1818199158
23.4117641449
49.5384597778
36.5
12.3703699112
17.071428299
27.5625
12.478260994
70.3000030518
29.5
14.8666667938
30.1818180084
50.3846168518
41.4000015259
15.1578950882
17.3529415131
17.625
26.6363639832
41.0
12.7142858505
9.6666669846
14.0909090042
14.8999996185
26.2999992371
6.9333333969
54.7857131958
13.25
20.5454540253
22.1818180084
12.1428575516
17.7272720337
16.3333339691
6.5
16.0
9.0833330154
16.7000007629
11.3000001907
14.0555553436
8.8846149445
36.1818199158
3.1538462639
25.1538467407
9.0666666031
14.0
