15.1875
3.2045454979
8.6153850555
15.7142858505
3.2727272511
47.25
17.2307701111
2.71875
6.0735292435
12.9375
11.882352829
2.9666666985
4.826086998
5.3636364937
9.6956520081
3.1666667461
4.517241478
19.1333332062
3.5909090042
12.2105264664
10.478260994
11.3846149445
5.8461537361
18.9599990845
16.928571701
4.1052632332
5.5555553436
20.6060600281
3.9230768681
4.7179489136
3.896551609
3.739130497
20.571428299
12.0833330154
3.0
18.0416660309
11.6470584869
13.3529415131
3.6666667461
4.1428570747
8.344827652
28.7272720337
9.75
17.5789470673
7.882352829
3.789473772
4.1707315445
32.2999992371
4.9354839325
4.9230771065
18.3076915741
8.3333330154
17.5
2.5416667461
5.5454545021
9.5333337784
38.0
8.46875
47.8666648865
26.0
7.71875
22.5909099579
54.3529396057
48.7000007629
8.0689659119
7.9696969986
11.3500003815
6.9444446564
4.6666665077
30.071428299
62.0714302063
2.6363637447
15.3529415131
14.6923074722
19.6875
13.7058820724
12.0
14.75
20.6363639832
10.4545450211
66.3636398315
50.7272720337
8.4117650986
42.6923065186
26.0
40.0
35.4000015259
28.75
30.4666671753
38.2307701111
30.5833339691
38.4736824036
24.875
56.2727279663
40.7999992371
23.5
22.0
10.9499998093
25.7999992371
93.1999969482
48.4000015259
60.6153831482
30.7692298889
14.1875
23.8571434021
32.5
15.3000001907
13.6923074722
13.3000001907
14.0
15.720000267
