18.2666664124
36.7000007629
4.196721077
5.891304493
15.9166669846
9.153845787
12.6875
16.0
5.0
28.6956520081
3.6451613903
4.5
23.8181819916
33.9583320618
5.1538462639
2.4000000954
4.0740742683
2.5
17.4166660309
9.4615383148
1.5
23.428571701
21.6666660309
10.9411764145
8.3235292435
17.6818180084
4.4444446564
4.260869503
9.4615383148
16.9090900421
11.6999998093
9.75
19.2666664124
4.6315789223
9.6000003815
4.7272725105
11.0
11.75
8.0740737915
11.1999998093
3.5833332539
4.882352829
11.6153850555
10.3999996185
16.7222213745
11.9677419662
17.523809433
5.4857144356
5.1153845787
7.8000001907
8.0
11.0909090042
12.9545450211
7.6999998093
19.75
10.125
7.0
10.3000001907
17.4117641449
6.4117646217
3.0
8.7692308426
3.1818182468
10.8333330154
23.0833339691
2.1818182468
18.7000007629
19.0833339691
18.8181819916
11.5
48.6875
36.7333335876
16.0
24.5263156891
41.6923065186
37.5384597778
12.6000003815
30.764705658
21.2727279663
16.9642848969
19.3125
43.6666679382
34.7999992371
24.5384616852
37.0999984741
29.7272720337
16.1578941345
14.9090909958
59.9230766296
19.5294113159
73.9000015259
16.5882358551
14.0
19.2142848969
14.846154213
13.75
17.6000003815
9.6999998093
21.7999992371
17.8999996185
4.3125
16.8500003815
36.1818199158
5.1538462639
53.9230766296
10.482758522
3.9000000954
18.5454540253
3.9000000954
26.2999992371
