4.521739006
6.7692308426
3.7058823109
7.25
2.9090909958
4.9459457397
2.8461537361
3.0333333015
5.1951217651
2.2777776718
2.6071429253
5.125
16.6428565979
20.3199996948
8.1666669846
3.4615385532
4.4615383148
2.6749999523
7.608695507
8.6363639832
1.8461538553
30.9500007629
9.0454549789
13.3199996948
5.9000000954
11.2142858505
8.5789470673
2.9090909958
4.3571429253
2.1666667461
15.6000003815
4.4117646217
13.2666664124
3.3043477535
5.6666665077
6.3928570747
37.4000015259
2.7999999523
10.4545450211
4.0909090042
3.9333333969
4.0909090042
6.6363635063
7.1052632332
3.0
4.086956501
3.5999999046
4.4499998093
1.7096774578
3.1428570747
5.25
18.0
2.7857143879
2.5333333015
2.9583332539
5.0714287758
3.0
4.25
12.8125
9.5454549789
2.8181817532
2.944444418
4.0625
2.9166667461
9.4615383148
5.2142858505
6.2727274895
3.1578948498
2.5
3.7692308426
4.0666666031
3.2727272511
4.2727274895
2.7272727489
2.5454545021
3.1818182468
3.5
3.5999999046
1.3076922894
16.6363639832
8.2631578445
8.764705658
13.0
16.1818180084
18.6000003815
16.7000007629
10.5454549789
4.7272725105
11.4571428299
4.6999998093
12.5
6.7272725105
8.9166669846
8.0
11.8999996185
12.0
18.8333339691
20.1666660309
10.928571701
17.6363639832
12.3636360168
78.3636398315
10.7142858505
68.9090881348
22.2000007629
39.2857131958
94.5
12.1999998093
22.0666675568
17.5833339691
15.571428299
24.2000007629
19.4545459747
25.0
10.3076925278
17.3333339691
14.4545450211
11.0
13.3999996185
14.6428575516
