2.6785714626
5.3043479919
8.8125
22.3809528351
32.0
2.8947367668
26.0
5.0576925278
22.0
35.1764717102
9.9333333969
5.3829789162
2.0
6.8297872543
9.153845787
9.9722223282
22.9166660309
28.5882358551
5.2857141495
59.6363639832
13.4358978271
4.0799999237
5.5500001907
5.0833334923
2.9000000954
48.0769233704
9.6000003815
10.25
4.7333331108
16.2142848969
3.7441861629
5.7399997711
25.428571701
25.5454540253
24.2000007629
16.5833339691
5.6666665077
6.9000000954
23.428571701
7.3000001907
10.8333330154
9.428571701
10.428571701
10.8181819916
4.4000000954
14.25
9.7857141495
8.870967865
12.8421049118
8.071428299
7.6666665077
27.6842098236
8.8181819916
5.0769228935
20.3500003815
26.0
33.0714302063
7.8000001907
15.7619047165
11.0
11.9677419662
6.5625
70.8181838989
16.6842098236
6.2777776718
11.764705658
11.5833330154
9.8333330154
7.5789475441
55.4166679382
44.7000007629
2.2307691574
5.4000000954
6.4166665077
22.6875
7.7272725105
3.1818182468
2.2000000477
7.2222223282
15.9375
7.0
7.1999998093
48.6875
63.0
15.2380952835
22.5909099579
23.4545459747
28.0
20.875
21.5
35.4000015259
22.0833339691
21.2727279663
36.7142868042
19.9166660309
19.6956520081
32.3076934814
15.1999998093
14.3999996185
29.6153850555
22.6086959839
35.7272720337
16.3333339691
11.5384616852
17.6000003815
10.1999998093
9.25
47.2000007629
8.8846149445
14.1578950882
