6.8285713196
3.1020407677
20.1875
5.8235292435
3.1304347515
34.444442749
29.8999996185
17.5217399597
3.9749999046
19.4642848969
4.5428571701
4.5
7.051281929
1.7391303778
6.6666665077
4.0714287758
27.0
19.4166660309
4.9821429253
8.571428299
3.2999999523
5.6744184494
2.6363637447
4.5853657722
5.6999998093
5.478260994
11.321428299
13.8095235825
3.4285714626
4.4642858505
3.7241380215
5.7083334923
7.7727274895
3.4193549156
21.625
5.0909090042
3.5416667461
23.3461532593
72.1818161011
12.3666667938
18.6315784454
27.9545459747
6.5744681358
9.235294342
3.1818182468
17.8965511322
2.1333334446
4.5555553436
8.0769233704
32.9166679382
1.7727272511
21.7857151031
6.8235292435
5.5999999046
24.3529415131
43.4117660522
5.7333331108
3.1333334446
4.2089552879
5.25
3.4461538792
10.0869569778
3.5606060028
29.2272720337
6.2727274895
4.235294342
28.2777786255
42.0999984741
6.952381134
10.7142858505
3.8245613575
13.0434780121
84.75
7.3902440071
7.6315789223
20.2000007629
2.931034565
5.2028985023
9.3170728683
5.2888889313
5.2692308426
11.2424240112
5.6666665077
5.5294117928
11.4666662216
18.5862064362
11.1400003433
9.0263156891
19.148147583
12.8571424484
10.6833333969
13.5833330154
3.0
4.1818180084
20.0
17.4666671753
5.2295084
5.1578946114
5.1194028854
16.0
4.1147542
5.1666665077
19.25
4.7407407761
6.9499998093
4.7045454979
19.1200008392
6.8461537361
53.7999992371
23.3043479919
3.2368421555
5.70175457
14.3333330154
7.5294117928
19.8846149445
4.7884616852
4.4000000954
5.7083334923
14.1666669846
54.0999984741
25.7999992371
4.1363635063
13.46875
16.0526313782
3.2142856121
38.4000015259
6.0
6.6875
3.0370371342
15.0909090042
2.9558823109
10.8571424484
29.4666671753
54.8666648865
3.6666667461
2.2142856121
11.6750001907
3.4848484993
6.0625
4.4516129494
4.8181819916
5.0500001907
19.1935482025
3.5223879814
10.625
15.6315793991
3.6923077106
13.8695650101
16.75
5.5681819916
13.2564105988
5.7777776718
16.4545459747
11.9591836929
4.0465116501
4.0740742683
13.4137935638
2.2333333492
31.0
5.2682929039
7.1428570747
5.0
2.7090909481
3.7428572178
23.6800003052
13.3428573608
4.9615383148
9.0769233704
9.3636360168
5.1052632332
4.1111111641
37.1500015259
15.3000001907
17.2399997711
4.2105264664
14.3529415131
22.5454540253
8.8139533997
3.2142856121
4.3018865585
41.315788269
29.3571434021
14.4545450211
4.0
2.9166667461
14.8125
37.4285697937
17.8181819916
8.6842107773
3.4571428299
19.6000003815
22.2999992371
5.3846154213
10.3333330154
4.1923074722
14.0
6.2727274895
1.7037037611
3.0
7.5
5.4150943756
15.3846149445
2.1818182468
6.0555553436
17.875
6.8947367668
8.3333330154
2.6428570747
5.1399998665
5.25
4.1379308701
36.4285697937
36.2000007629
3.4615385532
8.6400003433
5.5999999046
20.0400009155
23.952381134
12.0833330154
8.6956520081
8.0434780121
6.0625
4.2666668892
3.5
6.0
4.6153845787
14.1999998093
2.6666667461
2.6842105389
7.5471696854
4.3571429253
3.5454545021
6.75
2.9500000477
34.055557251
3.0
4.25
6.8235292435
16.0
9.7777776718
1.2000000477
3.5714285374
8.8000001907
5.5263156891
20.7894744873
4.6111111641
2.8333332539
8.6666669846
5.0666666031
1.84375
27.0666675568
44.7999992371
2.5217392445
3.0222222805
2.2666666508
23.74193573
9.1111106873
5.453125
4.4285712242
5.517241478
5.7058825493
9.46875
4.3777775764
21.5652179718
3.7599999905
8.8135595322
4.7272725105
3.5161290169
8.0
35.6923065186
3.1666667461
4.3414635658
4.5
4.5
22.875
32.0454559326
27.071428299
6.5897436142
33.0
21.0
3.3076922894
1.6399999857
6.8095235825
3.6500000954
23.1538467407
13.321428299
1.8999999762
6.7142858505
3.1538462639
19.7142848969
5.0384616852
11.1818180084
3.9545454979
4.7600002289
30.6842098236
10.1851854324
3.3043477535
11.5454549789
8.0869569778
12.5
40.3333320618
29.9375
30.25
5.324324131
4.3461537361
4.3636364937
29.428571701
14.4499998093
5.8333334923
6.8888888359
2.1538462639
4.0
42.5454559326
3.5384614468
9.1142854691
23.3571434021
2.8499999046
3.2400000095
26.0909099579
15.3888893127
5.75
4.051281929
4.3571429253
2.5416667461
3.8484847546
39.0909080505
30.5833339691
12.882352829
12.1666669846
14.2727270126
5.0799999237
7.8400001526
16.5
16.4210529327
14.0500001907
4.4117646217
5.1875
4.4000000954
20.0909099579
7.03125
5.7142858505
11.9090909958
16.9411773682
3.565217495
2.289473772
35.0909080505
7.9499998093
4.4285712242
4.6923074722
22.5454540253
7.5454545021
4.9230771065
29.2307701111
4.59375
12.2857141495
4.6666665077
4.3600001335
6.8666667938
24.3529415131
12.4166669846
24.8181819916
14.5263156891
12.5454549789
3.9354839325
8.5
5.8571429253
22.4615383148
6.2399997711
7.4615383148
4.6774191856
17.9444446564
3.7999999523
25.3846149445
6.7142858505
4.6071429253
5.3600001335
10.928571701
2.6666667461
6.5263156891
4.1999998093
1.9230768681
8.0
3.0
2.0588235855
2.1153845787
37.5
5.5909090042
9.4615383148
13.8000001907
10.2941179276
4.652173996
4.3846154213
2.5999999046
2.3333332539
8.6190471649
1.8125
14.9333333969
12.5
3.7999999523
19.1000003815
21.0
14.1818180084
6.3000001907
15.6923074722
5.9565215111
6.5500001907
7.6363635063
2.5769231319
10.571428299
2.9090909958
18.3999996185
14.0
26.4545459747
13.0555553436
12.625
21.7272720337
7.9473686218
3.2222223282
5.3529410362
10.0
29.2999992371
5.3125
3.8666665554
8.5
2.6896550655
4.2142858505
7.6666665077
4.086956501
17.5384616852
3.3888888359
3.555555582
1.3076922894
4.4210524559
30.25
6.1538462639
2.71875
5.1428570747
4.6999998093
4.5
14.7333335876
5.0952382088
6.476190567
5.1538462639
5.1500000954
6.4000000954
23.2999992371
17.0
14.0625
9.4444446564
7.882352829
11.5
10.0
5.0
9.6666669846
5.8125
1.3529411554
10.3846149445
7.25
8.571428299
15.6363639832
6.3333334923
9.0
8.3636360168
8.3999996185
4.0
6.5833334923
3.0
6.5833334923
5.4000000954
5.1818180084
8.4166669846
3.2142856121
8.75
4.8571429253
7.0
5.3846154213
5.2142858505
10.1666669846
3.5714285374
2.555555582
5.7333331108
2.8888888359
9.5
5.2777776718
4.3125
11.8999996185
2.9000000954
5.2307691574
3.0909090042
3.6428570747
3.6923077106
4.9333333969
3.0909090042
5.1818180084
8.5384616852
3.0
3.75
5.4166665077
3.0
20.5454540253
1.8181818724
2.0999999046
3.4545454979
9.4117650986
39.3333320618
46.8571434021
32.0769233704
32.5454559326
39.7692298889
18.4375
26.7222213745
6.0
10.4545450211
20.6363639832
13.9411764145
10.826086998
5.2777776718
28.6315784454
21.3846149445
2.9166667461
12.2608699799
26.625
11.4814815521
24.047618866
4.9000000954
14.0555553436
18.7999992371
7.1666665077
4.1111111641
12.1000003815
33.3846168518
17.5882358551
5.5789475441
7.9393939972
18.8095245361
2.9000000954
32.125
28.1428565979
19.1666660309
4.7368421555
6.3076925278
7.5833334923
9.2666664124
10.6428575516
10.7894735336
21.9473686218
35.6363639832
17.2000007629
11.7142858505
9.5862064362
5.5161290169
11.9473686218
6.3636364937
18.6666660309
28.7142848969
10.4583330154
17.3076915741
3.5384614468
11.3913040161
10.523809433
37.7777786255
12.5652170181
9.25
23.0769233704
33.3076934814
15.1428575516
15.5
27.3125
11.3333330154
17.3888893127
32.9090919495
12.8333330154
6.3214287758
11.2727270126
24.0952377319
13.428571701
5.5
18.8888893127
8.0
10.9090909958
18.8999996185
13.1000003815
22.3636360168
9.129032135
11.5416669846
14.5882349014
11.9142856598
2.1538462639
10.3913040161
15.1666669846
31.1666660309
15.5
8.3999996185
10.0
10.5263156891
14.1818180084
27.9411773682
10.125
22.2222213745
74.3333358765
12.0
10.4210529327
8.7857141495
20.4705886841
9.2272729874
35.5
23.6363639832
6.5599999428
5.0
15.428571701
16.0370368958
48.2000007629
1.8461538553
10.4666662216
8.9444446564
14.0
36.0
16.25
11.0952377319
9.6428575516
12.6999998093
12.3181819916
13.2777776718
30.9411773682
24.8235301971
9.9230766296
14.8333330154
22.4117641449
9.4838705063
16.0769233704
28.2941169739
9.3636360168
10.2380952835
13.75
40.9000015259
10.0
40.2000007629
14.7600002289
24.5
17.8799991608
9.8000001907
12.9230766296
13.875
10.3333330154
31.7222213745
21.5384616852
5.5454545021
9.1999998093
9.125
33.6923065186
12.5357141495
7.0714287758
3.9500000477
9.8095235825
28.1875
16.6842098236
9.8421049118
14.5517244339
18.047618866
6.7083334923
2.3076922894
10.7142858505
15.6296300888
5.6285715103
6.5714287758
7.827586174
8.4799995422
14.0833330154
32.3333320618
27.0
36.0
24.8095245361
29.7692298889
29.8666667938
11.1666669846
8.6764707565
34.6363639832
14.9200000763
13.476190567
26.7272720337
45.0909080505
12.3076925278
2.7999999523
3.8666665554
22.7857151031
23.0909099579
3.4000000954
17.7692298889
13.0526313782
14.6000003815
17.6875
3.2000000477
16.428571701
1.5
5.9000000954
2.7999999523
7.4000000954
11.2307691574
77.25
6.6956520081
13.3000001907
21.4166660309
17.5333328247
21.8571434021
12.0
6.3333334923
20.625
16.7692298889
21.0833339691
1.9090908766
33.6875
21.6666660309
25.7857151031
35.5999984741
8.75
14.6999998093
18.6153850555
18.4666671753
9.4666662216
22.5384616852
34.0
7.8235292435
19.2000007629
18.5384616852
5.0
18.6000003815
16.6153850555
15.1428575516
18.25
13.6000003815
17.0
10.0
10.8571424484
20.3333339691
11.846154213
15.3333330154
11.4615383148
13.2307691574
13.3846149445
21.3999996185
7.8333334923
11.8181819916
14.8000001907
6.7692308426
21.2000007629
23.0
12.1818180084
17.1000003815
11.1000003815
10.3333330154
13.9090909958
14.7272729874
16.5
14.1666669846
18.6818180084
19.0
33.25
53.3846168518
24.4666671753
60.5833320618
49.25
15.2727270126
24.8999996185
56.5
48.5
16.9615383148
40.3333320618
14.8999996185
51.4000015259
32.4166679382
14.5600004196
12.826086998
15.7894735336
29.1111106873
23.9500007629
28.0
15.2666664124
33.9000015259
17.6153850555
18.4347820282
24.117647171
24.125
22.7333335876
45.6666679382
41.8333320618
19.3333339691
18.0909099579
25.428571701
47.1818199158
17.7999992371
22.9583339691
62.2727279663
59.0909080505
50.6666679382
17.8421058655
54.25
38.5833320618
74.4615402222
22.5
30.4615383148
24.375
21.5
15.8500003815
37.0
26.0588226318
14.5200004578
24.2777786255
35.0
17.1363639832
33.2000007629
17.875
74.4545440674
27.6666660309
47.6363639832
40.8333320618
17.7222213745
27.3888893127
21.75
15.1000003815
26.2000007629
31.4666671753
82.3636398315
45.0909080505
39.5384597778
49.5714302063
66.3000030518
37.2999992371
28.25
17.0
34.2941169739
27.1904754639
42.75
11.6363639832
47.2857131958
41.6428565979
32.6818199158
50.0
18.2916660309
18.8333339691
58.1666679382
32.6923065186
15.4705886841
72.0
21.2999992371
36.0
99.6363601685
40.5833320618
31.7222213745
19.3181819916
25.6666660309
81.4000015259
40.1875
67.0833358765
56.9000015259
49.7692298889
19.6666660309
33.2000007629
11.5454549789
40.75
42.4117660522
34.5833320618
35.2000007629
36.9000015259
26.7000007629
46.8571434021
31.25
45.6666679382
21.3999996185
87.7857131958
38.1764717102
22.3636360168
22.5384616852
15.2758617401
39.75
20.0909099579
33.0
36.1500015259
32.9375
26.5789470673
37.8125
41.5999984741
27.2999992371
13.1000003815
23.8695659637
46.0499992371
38.8125
55.9000015259
62.7999992371
28.7333335876
54.2000007629
39.3636360168
59.7000007629
31.928571701
45.2142868042
20.9130439758
18.9047622681
47.8333320618
13.3599996567
25.5
26.3888893127
39.3333320618
60.1538467407
13.3333330154
42.7000007629
46.4166679382
34.4545440674
27.7000007629
17.2222213745
33.0
72.75
26.3999996185
29.0
60.0
30.6666660309
59.7000007629
32.7272720337
31.928571701
29.25
21.4615383148
21.9375
20.6875
31.7272720337
16.0
23.4615383148
20.0
23.1666660309
26.5
49.0714302063
15.125
13.6000003815
17.7000007629
19.2857151031
15.1999998093
20.4166660309
31.0
26.0
21.3333339691
47.9000015259
8.9333333969
17.1538467407
26.2727279663
14.3846149445
16.5454540253
17.0
16.8999996185
32.9230766296
35.8571434021
29.75
14.1000003815
28.7999992371
11.0
33.2857131958
22.4545459747
15.8333330154
31.6000003815
7.0769228935
10.3125
30.6666660309
17.75
12.7692308426
22.9166660309
11.4166669846
19.7692298889
10.153845787
19.5454540253
15.1428575516
8.75
24.8181819916
14.3636360168
9.2666664124
34.5
22.3846149445
14.8333330154
19.0909099579
14.0909090042
21.8181819916
12.3333330154
39.2999992371
13.1818180084
17.2000007629
13.1000003815
11.7272729874
10.8000001907
13.0
7.5999999046
8.8181819916
13.3000001907
15.8400001526
18.0
52.0
15.8125
11.2631578445
6.6538462639
12.1818180084
11.7619047165
13.8000001907
8.4399995804
3.3636362553
17.8421058655
16.3333339691
16.5384616852
11.3000001907
6.0
72.6999969482
20.6296291351
10.25
10.3333330154
23.4615383148
10.3888893127
28.1000003815
18.7000007629
9.8333330154
15.3636360168
10.8999996185
4.4166665077
