31.3076915741
4.9411764145
7.4242424965
11.25
2.3399999142
5.7090907097
15.8666667938
3.2244896889
17.3571434021
9.9032258987
25.8999996185
5.9534883499
3.25
4.1851849556
24.4166660309
51.7272720337
3.0303030014
4.5185184479
53.3636360168
27.3809528351
29.071428299
15.1071424484
3.7777776718
8.4242420197
1.9230768681
18.7692298889
15.25
3.6666667461
58.1666679382
14.9459457397
2.4000000954
3.0
55.4615402222
4.0645160675
5.5833334923
19.0
19.3076915741
5.0416665077
3.3529412746
24.3333339691
3.3461537361
3.0833332539
3.875
4.0
3.8399999142
4.8235292435
2.7200000286
3.4285714626
3.9090909958
4.523809433
26.4500007629
20.5789470673
6.9000000954
9.0
11.4545450211
1.5714285374
7.5526313782
19.0
9.0
24.2857151031
7.5142855644
6.5454545021
9.5263156891
14.8666667938
8.3571424484
23.1428565979
13.0625
23.25
9.928571701
23.7692298889
17.0666675568
10.428571701
24.6000003815
16.2727279663
42.5454559326
14.5833330154
18.7999992371
45.0833320618
37.5384597778
64.5
13.5454549789
17.3199996948
22.0
22.428571701
51.4000015259
42.5833320618
50.2857131958
33.7692298889
31.4782600403
65.5454559326
55.2307701111
27.0
33.2000007629
20.7000007629
20.6923084259
9.3846149445
36.5454559326
10.571428299
18.0909099579
15.1818180084
14.3000001907
26.7272720337
8.0869569778
1.8181818724
