5.5161290169
9.5428571701
2.5416667461
12.7142858505
47.0999984741
3.1702127457
6.5294117928
4.370370388
4.5
2.5757575035
38.7000007629
16.0810813904
4.7058825493
4.3783783913
10.135134697
2.6923077106
38.4545440674
7.5
2.9166667461
3.827586174
4.047618866
10.4375
20.8857135773
9.8000001907
3.347826004
23.7142848969
21.3793106079
8.75
4.7857141495
9.875
22.4782600403
5.1599998474
2.7999999523
30.7000007629
4.0
6.8333334923
3.8333332539
3.1538462639
8.2727270126
19.0833339691
21.8095245361
8.3571424484
1.7000000477
3.2857143879
5.5999999046
4.0
3.0909090042
4.8571429253
7.764705658
3.1818182468
2.4545454979
4.2307691574
5.0
8.8181819916
3.5217392445
4.0
7.0588235855
5.7222223282
2.4736843109
8.4545450211
3.0833332539
12.6666669846
6.7894735336
17.0
14.1333332062
4.5882353783
7.5789475441
24.0526313782
9.3846149445
28.3125
10.689655304
16.0
30.9230766296
11.6666669846
6.7857141495
82.0769195557
3.8333332539
2.2307691574
16.0
4.5833334923
15.8999996185
10.8181819916
15.8000001907
40.2999992371
70.5454559326
18.2000007629
11.521739006
56.7857131958
14.9200000763
19.3571434021
24.75
57.3076934814
28.0666675568
25.2857151031
45.8421058655
54.6666679382
54.0
63.5
19.1818180084
19.2000007629
