3.7758619785
8.4814815521
2.78125
19.1111106873
3.6031746864
4.6190476418
12.4318180084
4.431034565
45.7000007629
10.5
5.1875
4.7288136482
4.6666665077
20.9666671753
10.25
2.9375
4.0263156891
23.5
13.7837839127
6.1999998093
20.6363639832
10.6511631012
38.6666679382
29.523809433
9.3846149445
22.6923084259
3.6388888359
2.9285714626
7.6999998093
9.2142858505
3.3225805759
2.7647058964
4.1818180084
26.2777786255
24.4375
22.2592601776
3.347826004
11.6333332062
2.1481480598
3.7000000477
19.6000003815
3.796610117
6.7777776718
11.6000003815
6.3249998093
4.71875
9.1590909958
6.6500000954
16.3199996948
18.7037029266
16.6578941345
22.7777786255
8.5333337784
13.3783779144
13.6666669846
32.9166679382
63.3636360168
24.8095245361
2.2954545021
20.5517234802
3.0
4.75
21.3333339691
21.8095245361
2.7826087475
5.7291665077
22.5862064362
6.1463413239
12.5
34.7894744873
7.4285712242
19.7000007629
30.5
13.2307691574
33.7857131958
6.2399997711
46.8333320618
4.1166667938
14.1666669846
4.1311473846
3.896551609
5.6610169411
4.5384616852
25.5
3.9666666985
6.25
4.8571429253
13.3913040161
11.5625
6.9655170441
2.5454545021
4.9032258987
4.0
10.7692308426
5.2346940041
5.4561405182
7.25
30.6363639832
18.5357151031
5.8571429253
6.673913002
8.0434780121
4.0384616852
17.1666660309
5.6666665077
27.6666660309
3.8181817532
8.3684206009
3.0892856121
3.1388888359
19.65625
6.6888890266
4.8653845787
14.4210529327
7.71875
4.8000001907
32.9333343506
23.28125
31.3571434021
4.1538462639
20.7619056702
7.3461537361
12.1818180084
4.4545454979
4.676056385
6.7272725105
2.9772727489
4.370967865
50.5999984741
19.2142848969
9.9705886841
4.7272725105
4.1428570747
22.8666667938
6.9166665077
3.3076922894
3.2631578445
28.9166660309
4.239130497
4.7894735336
3.4800000191
23.0
12.875
2.6515152454
8.2727270126
2.523809433
4.1428570747
6.5999999046
4.7916665077
5.2702703476
32.4500007629
36.6428565979
10.2894735336
2.0681817532
11.6444444656
6.0999999046
12.8857145309
6.586206913
9.8571424484
28.5333328247
3.0
10.8333330154
10.3999996185
23.5217399597
3.8095238209
2.9411764145
8.9189186096
25.9166660309
4.0153846741
6.4000000954
18.6363639832
7.5909090042
15.46875
31.0526313782
2.9545454979
5.125
7.5952382088
20.8857135773
2.8266665936
18.7368412018
7.5909090042
9.2749996185
5.4772725105
8.4571428299
49.8461532593
13.652173996
15.047618866
4.3043479919
16.4594593048
5.25
8.9375
2.6470587254
26.1111106873
5.7058825493
16.6153850555
4.6956520081
20.7999992371
6.09375
4.1999998093
3.4800000191
13.3999996185
7.2075471878
55.7999992371
24.5
25.3333339691
6.8409090042
4.2051281929
5.3600001335
35.055557251
26.4375
45.8421058655
4.375
4.7692308426
12.0526313782
4.8333334923
2.7692308426
5.0909090042
7.2631578445
8.5454549789
19.2999992371
20.51612854
3.8499999046
20.8999996185
5.8000001907
5.9677419662
11.7857141495
39.7999992371
2.2459015846
2.5151515007
3.4000000954
11.7058820724
3.375
48.9000015259
16.6800003052
10.6923074722
8.625
9.5897436142
4.0270271301
6.4507040977
4.3076925278
2.9200000763
6.5999999046
4.8292684555
23.75
38.5
5.8888888359
16.2105255127
25.8928565979
12.1052627563
15.4137935638
4.0
5.6666665077
15.0799999237
25.8999996185
11.2857141495
3.4117646217
4.9047617912
2.6666667461
20.5384616852
36.5833320618
25.3157901764
4.6129031181
4.0714287758
13.3333330154
11.8181819916
28.4705886841
4.0
37.0588226318
6.5416665077
20.5789470673
17.2222213745
4.1785712242
31.764705658
3.8399999142
3.46875
10.6818180084
3.2592592239
33.4117660522
4.4102563858
7.4285712242
20.15625
13.9375
36.7333335876
2.3333332539
15.1333332062
14.2857141495
5.652173996
12.6666669846
4.4545454979
42.7692298889
4.9473686218
5.9069766998
5.9499998093
8.0909090042
5.75
4.8000001907
5.4545454979
10.1666669846
18.428571701
2.6190476418
3.0799999237
3.6875
4.9285712242
2.8846154213
4.8928570747
4.1851849556
2.8947367668
6.848484993
25.2631587982
22.7999992371
4.1999998093
9.1333332062
3.2926828861
30.1000003815
8.3000001907
6.2142858505
3.25
3.75
8.25
24.8235301971
2.6111111641
19.7916660309
4.2083334923
3.5
3.0
13.7333335876
3.8181817532
9.1219511032
7.3043479919
5.6538462639
2.6842105389
3.3947367668
7.4411764145
4.5333333015
18.7000007629
6.5
33.1428565979
27.7727279663
27.1333332062
3.6263735294
4.4883723259
7.5
8.75
47.2999992371
3.8666665554
33.7999992371
7.2941174507
36.5833320618
16.1304340363
50.5
3.4736843109
32.0833320618
19.0
5.260869503
32.9545440674
11.4117650986
4.9666666985
23.8095245361
6.7297296524
18.75
4.523809433
2.7999999523
8.75
12.3999996185
4.0681819916
4.9411764145
9.928571701
23.6842098236
2.5116279125
13.3043479919
3.8571429253
7.5999999046
20.8333339691
3.896551609
15.521739006
4.8888888359
21.3333339691
2.5641026497
4.051281929
25.2999992371
1.9318181276
8.3809528351
3.5675675869
8.0
4.7878789902
7.1071429253
21.1875
2.7777776718
21.125
5.0799999237
3.3428571224
8.321428299
5.3529410362
7.9259257317
4.655172348
3.3846154213
5.0294117928
4.6764707565
4.3125
9.0952377319
25.375
23.071428299
18.3076915741
3.2307691574
4.7096772194
5.1071429253
37.2000007629
8.5882349014
29.9090900421
6.0799999237
2.25
20.0
10.6000003815
2.5
2.6842105389
12.9230766296
2.875
23.2727279663
2.1153845787
3.8461537361
5.3333334923
8.3500003815
4.0
5.0416665077
2.8095238209
14.2631578445
2.3333332539
6.5454545021
20.5
4.75
7.5714287758
5.739130497
8.2857141495
5.625
14.3333330154
3.476190567
3.6956522465
19.6428565979
2.6086957455
4.7777776718
1.75
3.3076922894
3.4000000954
4.8800001144
3.6800000668
4.2380952835
2.055555582
12.0
12.5294113159
10.0
18.0
16.7333335876
3.9200000763
6.0833334923
23.1000003815
6.4166665077
5.4285712242
3.9615385532
1.8666666746
5.5454545021
4.2307691574
5.0
14.5294113159
4.3076925278
6.4210524559
3.555555582
6.6999998093
12.75
11.8125
9.0
5.375
12.6666669846
4.2777776718
7.2380952835
3.2142856121
6.625
8.8421049118
12.846154213
5.3333334923
11.3999996185
2.7083332539
8.9375
4.0
5.3529410362
2.3125
2.3888888359
3.5714285374
3.25
6.1666665077
3.1500000954
9.9166669846
4.1764707565
2.4000000954
2.1666667461
4.2142858505
7.4545454979
6.3333334923
5.4285712242
12.1666669846
4.625
2.5999999046
1.6666666269
3.2941176891
2.2999999523
2.5625
12.0909090042
5.4166665077
7.5
6.0
8.2727270126
4.8461537361
2.8666665554
4.4166665077
5.9166665077
1.7692307234
1.3333333731
6.0
5.1999998093
1.6363636255
3.2142856121
5.5999999046
11.4117650986
10.344827652
23.0
17.952381134
7.9444446564
20.4705886841
22.4375
13.8999996185
25.5384616852
8.1111106873
7.3333334923
26.5882358551
7.086956501
14.1499996185
9.9130430222
34.8181800842
45.8571434021
5.3636364937
14.6470584869
27.3500003815
36.75
13.6315793991
14.75
12.6000003815
61.9166679382
21.1052627563
4.1052632332
6.0
7.4411764145
12.571428299
13.764705658
11.8181819916
5.1818180084
58.0
3.6111111641
34.5
8.5
6.375
15.428571701
12.2727270126
21.0
19.3888893127
4.3846154213
6.2962961197
18.0625
7.1538462639
25.6923084259
7.5806450844
35.5833320618
20.0416660309
6.5
46.3333320618
10.3157892227
15.6999998093
12.7692308426
21.1428565979
5.0526313782
17.75
12.347826004
9.2068967819
16.5200004578
19.6666660309
26.4375
9.2857141495
24.2666664124
27.2307701111
19.0
42.3076934814
16.2999992371
8.3333330154
11.4545450211
9.9615383148
33.0833320618
13.8000001907
9.428571701
10.846154213
6.6666665077
14.7058820724
28.8181819916
46.3333320618
25.9230766296
10.25
13.3199996948
12.6111106873
4.2727274895
49.235294342
10.2173910141
27.7777786255
9.071428299
38.25
12.571428299
28.1428565979
8.7272729874
7.739130497
26.3529415131
15.653845787
17.6363639832
31.4705886841
23.1000003815
10.0
39.6470603943
16.1538467407
7.6818180084
10.652173996
13.3888893127
6.9090909958
45.9090919495
48.7000007629
24.8888893127
10.0
14.7368421555
5.1538462639
18.5833339691
8.6111106873
6.5
11.875
50.2857131958
18.3999996185
24.7368412018
14.5384616852
9.3999996185
9.625
5.4166665077
10.7272729874
18.5
11.0740737915
7.0344829559
10.523809433
14.9375
19.25
4.9090909958
9.5333337784
11.3000001907
21.8999996185
21.3333339691
14.1000003815
36.3888893127
22.4736843109
7.7727274895
21.8181819916
22.75
67.9166641235
13.8888893127
10.5666666031
18.6666660309
17.3636360168
17.1333332062
9.1999998093
42.0
7.1875
9.4117650986
6.1875
3.5714285374
54.5454559326
9.8181819916
14.3181819916
12.1428575516
22.8461532593
7.3200001717
17.6363639832
5.2222223282
18.0666675568
20.0625
16.1875
57.6363639832
7.0
43.2727279663
24.8666667938
14.928571701
12.5
13.9090909958
39.0833320618
9.5806455612
13.652173996
33.5499992371
10.8695650101
34.7777786255
7.523809433
16.0499992371
18.2857151031
13.2727270126
9.8181819916
19.4444446564
10.0857143402
20.6875
7.2916665077
8.7222223282
9.8000001907
8.117647171
30.071428299
4.1363635063
6.8235292435
18.0
4.3076925278
12.3999996185
8.25
4.764705658
13.9600000381
13.5
60.7999992371
30.928571701
12.5600004196
2.5454545021
14.6363639832
11.5
16.8571434021
13.8181819916
8.0833330154
17.0
9.2142858505
5.2727274895
1.8181818724
11.1818180084
8.153845787
4.1666665077
4.2307691574
4.1999998093
10.7368421555
6.0
7.3636364937
6.5999999046
30.0833339691
5.0
12.375
2.6363637447
19.764705658
28.1428565979
20.7142848969
10.6842107773
10.7058820724
12.125
16.25
7.4090909958
22.0
27.3333339691
13.7142858505
14.9411764145
30.7000007629
4.8000001907
22.4545459747
41.7000007629
28.4166660309
18.5
22.2857151031
11.8333330154
30.8333339691
13.882352829
16.0588226318
6.4000000954
39.0
10.571428299
12.3999996185
43.8181800842
21.1538467407
12.1428575516
11.3846149445
11.9333333969
21.1538467407
12.4166669846
9.3333330154
11.9090909958
22.8333339691
10.4375
24.6363639832
13.7857141495
19.7272720337
9.1000003815
35.8181800842
14.7692308426
23.6363639832
21.3333339691
26.8999996185
12.2666664124
16.2142848969
15.0909090042
17.9166660309
12.2666664124
17.4615383148
13.1999998093
7.0714287758
17.5454540253
9.0
6.5
20.3636360168
19.7999992371
15.6363639832
14.0909090042
12.8999996185
16.0
11.3999996185
23.8571434021
20.8999996185
7.4000000954
8.8571424484
12.5
16.25
24.6818180084
40.0
18.6363639832
30.875
54.7000007629
38.9000015259
16.7083339691
19.6111106873
14.8695650101
16.5
33.9473686218
33.875
17.7368412018
39.7857131958
66.0999984741
51.4285697937
47.5454559326
70.9166641235
36.9230766296
16.4347820282
24.7222213745
26.4375
61.7272720337
24.7999992371
80.6363601685
62.0909080505
24.0499992371
12.6000003815
16.5599994659
22.7777786255
35.2727279663
38.1666679382
61.75
9.7692308426
12.6875
55.6153831482
16.3500003815
32.75
32.7272720337
27.5454540253
30.1875
12.7857141495
39.3571434021
53.9411773682
55.2727279663
18.8666667938
27.8999996185
45.0833320618
37.6923065186
52.1538467407
60.3636360168
30.3999996185
39.0666656494
37.7857131958
35.8571434021
23.1428565979
39.4166679382
23.5
28.3571434021
27.5200004578
30.1666660309
46.8333320618
11.3333330154
47.0714302063
34.9500007629
41.4705886841
55.5
16.5499992371
19.5
22.4375
70.0
54.0
54.7333335876
55.25
22.7000007629
34.8888893127
13.2380952835
52.2307701111
25.8181819916
14.6086959839
18.875
16.0833339691
59.0909080505
20.6428565979
14.5555553436
21.0869560242
30.8181819916
40.2727279663
50.6363639832
56.75
15.2916669846
20.3636360168
22.6315784454
34.9090919495
67.7647094727
9.5
35.1428565979
44.764705658
24.6363639832
72.4545440674
55.9166679382
19.8999996185
75.9090881348
47.684211731
47.5454559326
34.5
62.2727279663
14.0
20.0555553436
20.6666660309
13.2592592239
47.0999984741
46.6923065186
51.5454559326
16.2307701111
37.2222213745
31.071428299
44.6666679382
51.0833320618
16.75
35.7058830261
35.4166679382
26.6000003815
22.3125
59.0
27.235294342
52.6363639832
41.4000015259
20.2727279663
27.9375
19.2857151031
40.0
66.4000015259
40.1818199158
32.5454559326
24.1000003815
23.3157901764
44.5
30.8095245361
24.6000003815
45.4000015259
54.0
21.7999992371
19.2941169739
34.764705658
17.375
37.8333320618
46.0
47.0833320618
62.2000007629
73.1538467407
60.7000007629
27.3333339691
23.1578941345
66.1764678955
57.3333320618
26.4736843109
50.1818199158
32.0
26.375
48.1666679382
24.0416660309
25.5555553436
45.1818199158
48.6923065186
65.8333358765
24.6153850555
33.5625
18.4782600403
20.3999996185
24.1818180084
28.8125
51.8461532593
64.0909118652
26.9411773682
53.8571434021
17.2777786255
36.0909080505
30.7692298889
86.0
41.3636360168
24.5
41.0769233704
18.8235301971
34.0
33.9230766296
37.3636360168
20.3888893127
20.9375
15.0769233704
25.1428565979
16.8571434021
40.8181800842
15.7058820724
23.3999996185
30.1538467407
22.25
13.0
44.5
39.7000007629
43.2000007629
103.5
46.7999992371
27.9166660309
24.3636360168
18.7999992371
13.4375
43.2000007629
13.8888893127
18.3999996185
31.8999996185
17.5
31.7272720337
28.6153850555
28.2000007629
13.8999996185
19.8999996185
30.5833339691
19.0909099579
12.625
24.6153850555
22.9230766296
28.2000007629
31.4545459747
11.6000003815
27.6363639832
47.0
21.5
16.9230766296
10.117647171
15.3636360168
11.9375
14.0
13.2666664124
35.4117660522
14.6000003815
15.0
29.0625
11.6923074722
21.6000003815
17.7999992371
19.7272720337
11.8333330154
24.6000003815
11.5
15.1428575516
16.2999992371
18.7999992371
21.1818180084
22.4166660309
31.7999992371
15.6000003815
15.3000001907
13.7857141495
20.6000003815
18.0
13.928571701
38.3636360168
13.3076925278
18.0
48.6923065186
47.2999992371
11.4545450211
10.75
13.8181819916
20.0
11.5
21.0
8.3076925278
13.9166669846
13.5454549789
41.4000015259
14.6000003815
12.1000003815
9.5600004196
42.4545440674
21.0666675568
12.1052627563
9.5454549789
10.7894735336
5.5
14.6470584869
16.0526313782
24.6666660309
2.2000000477
35.1818199158
13.7272729874
29.2999992371
8.4736843109
7.2142858505
10.9411764145
7.0
20.2000007629
